2 981.458 4.57281 6819.09 486.971 1.12647e-08 
3 960.717 3.24163 2388.96 483.985 1.62629e-08 
4 914.099 2.78631 1255.21 466.939 2.166e-08 
5 873.617 2.50597 584.486 450.824 2.69977e-08 
6 845.146 2.04667 240.094 438.883 3.21323e-08 
7 827.425 1.61823 97.4103 430.342 3.70659e-08 
8 817.996 1.27913 47.0141 424.512 4.18112e-08 
9 812.214 1.18898 483.221 419.763 4.63966e-08 
10 810.783 0.904235 20.8778 416.598 5.0768e-08 
11 812.826 0.75025 -262.268 414.408 5.49309e-08 
12 818.223 0.841563 10.7593 413.307 5.9061e-08 
13 824.485 0.956106 274.226 412.383 6.28895e-08 
14 832.198 1.00084 259.52 412.089 6.6621e-08 
15 841.418 0.989416 7.17593 412.48 7.03755e-08 
16 850.427 0.974586 -251.37 412.646 7.36908e-08 
17 859.914 0.988767 -399.856 412.977 7.66918e-08 
18 870.93 1.04901 -396.266 414.057 7.9751e-08 
19 883.737 1.15948 -238.118 416.038 8.3098e-08 
20 897.612 1.30039 7.95495 418.529 8.6605e-08 
21 911.231 1.42852 209.529 420.814 8.97685e-08 
22 924.716 1.52741 309.511 422.967 9.25615e-08 
23 938.506 1.59445 294.277 425.232 9.51393e-08 
24 952.818 1.63318 177.112 427.736 9.76196e-08 
25 967.598 1.65592 11.5603 430.456 1.00027e-07 
26 982.625 1.68181 -117.171 433.278 1.02294e-07 
27 997.995 1.71817 -178.547 436.261 1.04491e-07 
28 1013.8 1.76614 -168.426 439.464 1.06701e-07 
29 1029.99 1.8232 -95.2724 442.859 1.08931e-07 
30 1046.33 1.88151 14.9642 446.327 1.11071e-07 
31 1062.52 1.92956 123.822 449.713 1.12928e-07 
32 1078.66 1.96375 217.068 453.07 1.14524e-07 
33 1094.93 1.98333 288.976 456.499 1.15954e-07 
34 1111.48 1.9878 334.586 460.082 1.17317e-07 
35 1128.42 1.97691 350.219 463.878 1.18704e-07 
36 1145.82 1.95073 334.074 467.92 1.20191e-07 
37 1163.68 1.90959 286.915 472.212 1.21825e-07 
38 1181.96 1.85415 212.849 476.726 1.23609e-07 
39 1200.54 1.7854 120.199 481.395 1.25488e-07 
40 1219.24 1.70462 22.4859 486.117 1.2733e-07 
41 1237.86 1.61327 -64.1146 490.779 1.28962e-07 
42 1256.43 1.51249 -133.348 495.39 1.30371e-07 
43 1275.01 1.40319 -182.485 499.989 1.31592e-07 
44 1293.67 1.28618 -209.574 504.607 1.32661e-07 
45 1312.47 1.16198 -213.705 509.271 1.33615e-07 
46 1331.45 1.03075 -195.3 513.998 1.34484e-07 
47 1350.62 0.892182 -156.429 518.8 1.35295e-07 
48 1370.01 0.745301 -101.167 523.678 1.36062e-07 
49 1389.59 0.58835 -35.9784 528.625 1.36789e-07 
50 1409.34 0.418604 29.8597 533.621 1.37459e-07 
51 1429.23 0.232999 86.1093 538.648 1.38051e-07 
52 1449.29 0.0309397 129.479 543.714 1.38584e-07 
53 1469.55 -0.187383 159.042 548.836 1.39088e-07 
54 1490.03 -0.4217 174.371 554.024 1.39587e-07 
55 1510.77 -0.671672 175.647 559.286 1.40102e-07 
56 1531.77 -0.936893 163.781 564.623 1.40645e-07 
57 1553.04 -1.21691 140.55 570.033 1.41219e-07 
58 1574.57 -1.5112 108.738 575.507 1.41814e-07 
59 1596.34 -1.81925 72.2869 581.033 1.42405e-07 
60 1618.33 -2.1405 36.4661 586.59 1.4295e-07 
61 1640.51 -2.4744 6.79064 592.159 1.43402e-07 
62 1662.88 -2.82046 -15.2272 597.743 1.43765e-07 
63 1685.47 -3.17825 -29.3922 603.352 1.44053e-07 
64 1708.31 -3.54744 -35.7667 608.991 1.44282e-07 
65 1731.39 -3.92776 -34.7147 614.666 1.44463e-07 
66 1754.73 -4.31909 -26.9497 620.38 1.4461e-07 
67 1778.34 -4.72148 -13.5852 626.134 1.44728e-07 
68 1802.21 -5.13517 3.8113 631.927 1.44822e-07 
69 1826.33 -5.56062 23.1606 637.754 1.44891e-07 
70 1850.7 -5.99857 41.8104 643.609 1.44929e-07 
71 1875.3 -6.44977 57.0869 649.486 1.44928e-07 
72 1900.15 -6.91404 68.3573 655.387 1.44897e-07 
73 1925.24 -7.39091 75.6406 661.317 1.44844e-07 
74 1950.58 -7.87992 79.0735 667.278 1.4478e-07 
75 1976.19 -8.38059 78.9263 673.272 1.4471e-07 
76 2002.05 -8.89246 75.6202 679.3 1.44639e-07 
77 2028.17 -9.41509 69.7455 685.361 1.44566e-07 
78 2054.55 -9.94804 62.0809 691.452 1.44488e-07 
79 2081.17 -10.4909 53.614 697.569 1.44397e-07 
80 2108.02 -11.0434 45.5629 703.707 1.4428e-07 
81 2135.08 -11.6052 39.1208 709.86 1.44122e-07 
82 2162.37 -12.1757 34.5374 716.031 1.43928e-07 
83 2189.88 -12.7544 31.7677 722.221 1.43704e-07 
84 2217.62 -13.3408 30.7174 728.432 1.43458e-07 
85 2245.6 -13.9344 31.2374 734.667 1.43195e-07 
86 2273.81 -14.5349 33.1176 740.926 1.42918e-07 
87 2302.25 -15.1417 36.0807 747.207 1.42632e-07 
88 2330.93 -15.7546 39.7751 753.512 1.42335e-07 
89 2359.83 -16.3733 43.7684 759.837 1.42028e-07 
90 2388.95 -16.9977 47.5396 766.18 1.41705e-07 
91 2418.28 -17.6275 50.5878 772.538 1.41363e-07 
92 2447.82 -18.2624 52.8137 778.912 1.41005e-07 
93 2477.58 -18.9015 54.2395 785.303 1.40634e-07 
94 2507.56 -19.5446 54.9047 791.711 1.40254e-07 
95 2537.75 -20.1908 54.8673 798.135 1.39866e-07 
96 2568.16 -20.8399 54.2061 804.577 1.39471e-07 
97 2598.78 -21.4912 53.0222 811.034 1.39068e-07 
98 2629.6 -22.1443 51.4413 817.504 1.38654e-07 
99 2660.63 -22.7989 49.6156 823.985 1.38224e-07 
100 2691.85 -23.4545 47.7259 830.474 1.37772e-07 
101 2723.25 -24.1107 45.9467 836.969 1.37289e-07 
102 2754.85 -24.7671 44.3242 843.47 1.3678e-07 
103 2786.63 -25.4228 42.8685 849.98 1.3625e-07 
104 2818.61 -26.0771 41.5886 856.501 1.35704e-07 
105 2850.77 -26.7294 40.4916 863.033 1.35148e-07 
106 2883.12 -27.3789 39.5829 869.579 1.34587e-07 
107 2915.66 -28.0249 38.8658 876.14 1.34025e-07 
108 2948.39 -28.6668 38.3415 882.716 1.33466e-07 
109 2981.29 -29.3039 38.0083 889.309 1.32914e-07 
110 3014.37 -29.9356 37.8622 895.918 1.32372e-07 
111 3047.63 -30.5612 37.8958 902.544 1.31842e-07 
112 3081.05 -31.1802 38.0987 909.186 1.31326e-07 
113 3114.63 -31.7919 38.4568 915.843 1.30825e-07 
114 3148.36 -32.3959 38.9522 922.516 1.30338e-07 
115 3182.23 -32.9916 39.5627 929.202 1.29863e-07 
116 3216.23 -33.5787 40.262 935.9 1.29399e-07 
117 3250.35 -34.1567 41.0187 942.608 1.28941e-07 
118 3284.57 -34.7252 41.7963 949.324 1.28485e-07 
119 3318.89 -35.2841 42.5531 956.044 1.28022e-07 
120 3353.29 -35.833 43.2414 962.766 1.27546e-07 
121 3387.74 -36.3717 43.8166 969.488 1.27048e-07 
122 3422.25 -36.8997 44.2676 976.208 1.2653e-07 
123 3456.82 -37.4163 44.5927 982.93 1.25993e-07 
124 3491.43 -37.9209 44.7912 989.652 1.25441e-07 
125 3526.08 -38.4128 44.8628 996.378 1.24877e-07 
126 3560.77 -38.8914 44.8085 1003.11 1.24303e-07 
127 3595.49 -39.3562 44.6301 1009.84 1.23722e-07 
128 3630.23 -39.8065 44.3305 1016.58 1.23137e-07 
129 3664.99 -40.2417 43.9137 1023.32 1.22548e-07 
130 3699.76 -40.6613 43.385 1030.07 1.21959e-07 
131 3734.53 -41.0647 42.7509 1036.82 1.21371e-07 
132 3769.29 -41.4514 42.0192 1043.58 1.20785e-07 
133 3804.03 -41.8208 41.1994 1050.35 1.20202e-07 
134 3838.75 -42.1726 40.3024 1057.12 1.19623e-07 
135 3873.42 -42.5061 39.3406 1063.89 1.19047e-07 
136 3908.05 -42.8211 38.3284 1070.68 1.18475e-07 
137 3942.61 -43.117 37.282 1077.46 1.17906e-07 
138 3977.11 -43.3935 36.2192 1084.25 1.17338e-07 
139 4011.51 -43.6502 35.1604 1091.04 1.1677e-07 
140 4045.82 -43.8869 34.1276 1097.83 1.16198e-07 
141 4080.02 -44.1031 33.1414 1104.62 1.15621e-07 
142 4114.09 -44.2985 32.2073 1111.41 1.1504e-07 
143 4148.03 -44.4726 31.3268 1118.2 1.14457e-07 
144 4181.84 -44.625 30.5008 1124.99 1.13873e-07 
145 4215.5 -44.7551 29.7299 1131.79 1.1329e-07 
146 4249.01 -44.8626 29.0143 1138.58 1.1271e-07 
147 4282.36 -44.947 28.3535 1145.38 1.12134e-07 
148 4315.54 -45.008 27.7466 1152.18 1.11563e-07 
149 4348.54 -45.0451 27.1921 1158.99 1.10999e-07 
150 4381.35 -45.0581 26.6879 1165.79 1.10442e-07 
151 4413.96 -45.0466 26.2313 1172.6 1.09892e-07 
152 4446.36 -45.0103 25.8188 1179.41 1.0935e-07 
153 4478.55 -44.9489 25.4462 1186.23 1.08817e-07 
154 4510.5 -44.8621 25.1085 1193.04 1.08291e-07 
155 4542.22 -44.7498 24.8 1199.86 1.07772e-07 
156 4573.68 -44.6116 24.5139 1206.68 1.07259e-07 
157 4604.88 -44.4475 24.2428 1213.5 1.06752e-07 
158 4635.8 -44.2572 23.978 1220.32 1.06248e-07 
159 4666.44 -44.0407 23.71 1227.13 1.05745e-07 
160 4696.77 -43.7978 23.4282 1233.95 1.0524e-07 
161 4726.79 -43.5284 23.123 1240.76 1.04733e-07 
162 4756.49 -43.2325 22.7931 1247.57 1.04222e-07 
163 4785.87 -42.9097 22.4394 1254.38 1.03709e-07 
164 4814.9 -42.5599 22.0628 1261.19 1.03196e-07 
165 4843.58 -42.183 21.6645 1267.99 1.02683e-07 
166 4871.92 -41.7788 21.2459 1274.8 1.02171e-07 
167 4899.89 -41.3473 20.8084 1281.6 1.01662e-07 
168 4927.49 -40.8883 20.3535 1288.4 1.01155e-07 
169 4954.71 -40.4017 19.8831 1295.2 1.00652e-07 
170 4981.54 -39.8875 19.3992 1301.99 1.00154e-07 
171 5007.98 -39.3457 18.9039 1308.79 9.96598e-08 
172 5034.01 -38.7762 18.3996 1315.58 9.9171e-08 
173 5059.62 -38.1791 17.8887 1322.38 9.86873e-08 
174 5084.81 -37.5544 17.374 1329.17 9.82089e-08 
175 5109.57 -36.9021 16.8586 1335.96 9.77356e-08 
176 5133.89 -36.2223 16.3455 1342.74 9.72671e-08 
177 5157.75 -35.5151 15.8381 1349.53 9.6803e-08 
178 5181.16 -34.7806 15.3402 1356.31 9.63426e-08 
179 5204.09 -34.0191 14.8556 1363.08 9.58851e-08 
180 5226.54 -33.2305 14.3885 1369.86 9.54292e-08 
181 5248.5 -32.4153 13.9426 1376.62 9.49741e-08 
182 5269.97 -31.5733 13.519 1383.38 9.45202e-08 
183 5290.93 -30.7049 13.1184 1390.14 9.40682e-08 
184 5311.38 -29.8102 12.7409 1396.89 9.36187e-08 
185 5331.31 -28.8893 12.3869 1403.64 9.31724e-08 
186 5350.73 -27.9425 12.0565 1410.38 9.27297e-08 
187 5369.61 -26.97 11.7498 1417.12 9.22912e-08 
188 5387.97 -25.972 11.4667 1423.85 9.18573e-08 
189 5405.78 -24.9487 11.2071 1430.58 9.14281e-08 
190 5423.05 -23.9005 10.9706 1437.3 9.10041e-08 
191 5439.77 -22.8275 10.7569 1444.02 9.05853e-08 
192 5455.94 -21.7302 10.5653 1450.74 9.01717e-08 
193 5471.54 -20.6089 10.395 1457.44 8.97632e-08 
194 5486.57 -19.4638 10.2453 1464.15 8.93598e-08 
195 5501.03 -18.2953 10.1151 1470.84 8.89611e-08 
196 5514.91 -17.1039 10.0031 1477.53 8.85667e-08 
197 5528.21 -15.8899 9.90806 1484.21 8.81761e-08 
198 5540.92 -14.6537 9.82828 1490.89 8.77885e-08 
199 5553.03 -13.3957 9.76205 1497.56 8.74031e-08 
200 5564.55 -12.1163 9.70738 1504.22 8.70191e-08 
201 5575.45 -10.8161 9.66255 1510.87 8.66355e-08 
202 5585.75 -9.49553 9.62753 1517.51 8.62526e-08 
203 5595.44 -8.15495 9.60271 1524.15 8.58709e-08 
204 5604.51 -6.79488 9.58846 1530.78 8.54911e-08 
205 5612.97 -5.41579 9.58519 1537.39 8.51134e-08 
206 5620.81 -4.0182 9.59325 1544 8.47385e-08 
207 5628.02 -2.6026 9.61301 1550.61 8.43666e-08 
208 5634.62 -1.16953 9.64484 1557.2 8.39983e-08 
209 5640.58 0.28048 9.68907 1563.79 8.36337e-08 
210 5645.92 1.74689 9.74605 1570.37 8.32733e-08 
211 5650.63 3.22914 9.81611 1576.94 8.29172e-08 
212 5654.71 4.72666 9.89955 1583.51 8.25656e-08 
213 5658.15 6.23888 9.99669 1590.06 8.22187e-08 
214 5660.96 7.76521 10.1078 1596.61 8.18766e-08 
215 5663.14 9.30505 10.2332 1603.15 8.15393e-08 
216 5664.68 10.8578 10.373 1609.69 8.12067e-08 
217 5665.58 12.4228 10.5277 1616.21 8.08789e-08 
218 5665.85 13.9996 10.6973 1622.73 8.05555e-08 
219 5665.47 15.5873 10.8821 1629.24 8.02364e-08 
220 5664.46 17.1855 11.0822 1635.74 7.99212e-08 
221 5662.82 18.7935 11.2979 1642.23 7.96097e-08 
222 5660.53 20.4106 11.5293 1648.71 7.93012e-08 
223 5657.61 22.0362 11.7765 1655.18 7.89952e-08 
224 5654.04 23.6696 12.0395 1661.65 7.86911e-08 
225 5649.84 25.3102 12.3185 1668.1 7.83882e-08 
226 5645.01 26.9573 12.6136 1674.55 7.80857e-08 
227 5639.54 28.6102 12.9247 1680.98 7.77839e-08 
228 5633.44 30.2682 13.2521 1687.4 7.7483e-08 
229 5626.71 31.9305 13.5957 1693.82 7.71834e-08 
230 5619.35 33.5964 13.9556 1700.22 7.68853e-08 
231 5611.36 35.2652 14.3318 1706.61 7.6589e-08 
232 5602.75 36.9361 14.7242 1713 7.62948e-08 
233 5593.53 38.6083 15.1329 1719.37 7.60027e-08 
234 5583.69 40.2811 15.5577 1725.73 7.57132e-08 
235 5573.23 41.9538 15.9986 1732.09 7.54262e-08 
236 5562.17 43.6257 16.4554 1738.43 7.5142e-08 
237 5550.51 45.2958 16.9278 1744.77 7.48607e-08 
238 5538.24 46.9636 17.4158 1751.09 7.45823e-08 
239 5525.38 48.6283 17.9191 1757.41 7.4307e-08 
240 5511.93 50.2891 18.4374 1763.71 7.40346e-08 
241 5497.89 51.9454 18.9704 1770.01 7.37653e-08 
242 5483.28 53.5963 19.5176 1776.29 7.34989e-08 
243 5468.08 55.2411 20.0789 1782.56 7.32354e-08 
244 5452.32 56.8792 20.6536 1788.83 7.29746e-08 
245 5436 58.5098 21.2413 1795.08 7.27164e-08 
246 5419.11 60.1322 21.8415 1801.32 7.24605e-08 
247 5401.68 61.7458 22.4536 1807.56 7.22067e-08 
248 5383.71 63.3499 23.0769 1813.78 7.19547e-08 
249 5365.19 64.9437 23.7109 1819.98 7.17041e-08 
250 5346.15 66.5267 24.3548 1826.18 7.14546e-08 
251 5326.59 68.0982 25.0079 1832.37 7.12057e-08 
252 5306.5 69.6574 25.6701 1838.54 7.09576e-08 
253 5285.91 71.2035 26.3411 1844.7 7.07104e-08 
254 5264.82 72.7357 27.0209 1850.85 7.04644e-08 
255 5243.23 74.2532 27.7092 1856.99 7.02197e-08 
256 5221.14 75.7552 28.4061 1863.11 6.99764e-08 
257 5198.58 77.2411 29.1112 1869.23 6.97347e-08 
258 5175.54 78.7099 29.8244 1875.33 6.94948e-08 
259 5152.03 80.161 30.5455 1881.42 6.92567e-08 
260 5128.06 81.5936 31.2743 1887.5 6.90206e-08 
261 5103.63 83.007 32.0106 1893.57 6.87864e-08 
262 5078.77 84.4004 32.7542 1899.63 6.85544e-08 
263 5053.46 85.7732 33.5048 1905.67 6.83244e-08 
264 5027.73 87.1247 34.2621 1911.7 6.80965e-08 
265 5001.58 88.4542 35.026 1917.73 6.78708e-08 
266 4975.02 89.761 35.7961 1923.74 6.76472e-08 
267 4948.06 91.0446 36.5721 1929.73 6.74256e-08 
268 4920.7 92.3043 37.3537 1935.72 6.7206e-08 
269 4892.97 93.5394 38.1406 1941.7 6.69883e-08 
270 4864.86 94.7496 38.9325 1947.66 6.67724e-08 
271 4836.39 95.9341 39.7289 1953.61 6.6558e-08 
272 4807.57 97.0926 40.5296 1959.55 6.63451e-08 
273 4778.42 98.2244 41.3341 1965.47 6.61334e-08 
274 4748.93 99.3291 42.142 1971.38 6.59227e-08 
275 4719.12 100.406 42.9529 1977.28 6.57127e-08 
276 4689 101.455 43.7664 1983.17 6.55031e-08 
277 4658.59 102.476 44.5822 1989.05 6.52942e-08 
278 4627.89 103.468 45.4001 1994.91 6.50858e-08 
279 4596.91 104.43 46.2196 2000.76 6.48782e-08 
280 4565.66 105.361 47.0407 2006.59 6.46714e-08 
281 4534.16 106.262 47.8629 2012.42 6.44654e-08 
282 4502.4 107.132 48.6859 2018.23 6.42604e-08 
283 4470.41 107.97 49.5096 2024.02 6.40563e-08 
284 4438.2 108.775 50.3334 2029.81 6.38533e-08 
285 4405.76 109.549 51.1572 2035.58 6.36513e-08 
286 4373.12 110.289 51.9806 2041.34 6.34504e-08 
287 4340.29 110.996 52.8032 2047.08 6.32506e-08 
288 4307.28 111.669 53.6247 2052.82 6.30517e-08 
289 4274.09 112.308 54.4447 2058.54 6.28539e-08 
290 4240.75 112.914 55.2629 2064.24 6.2657e-08 
291 4207.26 113.484 56.079 2069.94 6.24611e-08 
292 4173.63 114.02 56.8925 2075.62 6.22659e-08 
293 4139.89 114.522 57.703 2081.29 6.20715e-08 
294 4106.03 114.988 58.5102 2086.94 6.18777e-08 
295 4072.08 115.419 59.3136 2092.58 6.16844e-08 
296 4038.04 115.816 60.1129 2098.21 6.14914e-08 
297 4003.93 116.177 60.9075 2103.82 6.12986e-08 
298 3969.77 116.503 61.6972 2109.42 6.11058e-08 
299 3935.56 116.795 62.4815 2115 6.09128e-08 
300 3901.32 117.052 63.2598 2120.57 6.07192e-08 
301 3867.07 117.274 64.0318 2126.13 6.05251e-08 
302 3832.8 117.461 64.7973 2131.67 6.03303e-08 
303 3798.54 117.613 65.5558 2137.2 6.01351e-08 
304 3764.29 117.729 66.3071 2142.71 5.99396e-08 
305 3730.05 117.808 67.051 2148.21 5.97439e-08 
306 3695.83 117.852 67.7871 2153.69 5.95481e-08 
307 3661.65 117.858 68.5153 2159.17 5.93523e-08 
308 3627.51 117.828 69.2351 2164.62 5.91567e-08 
309 3593.41 117.76 69.9465 2170.07 5.89613e-08 
310 3559.37 117.654 70.649 2175.5 5.87663e-08 
311 3525.4 117.51 71.3424 2180.92 5.85718e-08 
312 3491.5 117.329 72.0265 2186.32 5.83779e-08 
313 3457.68 117.109 72.7009 2191.71 5.81847e-08 
314 3423.95 116.85 73.3655 2197.09 5.79922e-08 
315 3390.32 116.553 74.02 2202.45 5.78006e-08 
316 3356.79 116.216 74.6641 2207.8 5.761e-08 
317 3323.38 115.841 75.2976 2213.14 5.74204e-08 
318 3290.09 115.427 75.9202 2218.46 5.72319e-08 
319 3256.93 114.974 76.5317 2223.78 5.70446e-08 
320 3223.91 114.482 77.1318 2229.07 5.68585e-08 
321 3191.04 113.951 77.7204 2234.36 5.66738e-08 
322 3158.32 113.381 78.2972 2239.63 5.64904e-08 
323 3125.77 112.772 78.862 2244.89 5.63084e-08 
324 3093.4 112.124 79.4145 2250.14 5.61278e-08 
325 3061.2 111.437 79.9545 2255.38 5.59488e-08 
326 3029.2 110.712 80.4819 2260.6 5.57713e-08 
327 2997.4 109.948 80.9964 2265.81 5.55953e-08 
328 2965.8 109.147 81.4979 2271 5.54208e-08 
329 2934.43 108.308 81.9861 2276.19 5.52479e-08 
330 2903.27 107.431 82.4608 2281.36 5.50765e-08 
331 2872.36 106.517 82.922 2286.52 5.49067e-08 
332 2841.68 105.566 83.3694 2291.66 5.47384e-08 
333 2811.26 104.579 83.8028 2296.8 5.45716e-08 
334 2781.1 103.556 84.2221 2301.92 5.44062e-08 
335 2751.2 102.498 84.6272 2307.03 5.42423e-08 
336 2721.59 101.406 85.0179 2312.12 5.40797e-08 
337 2692.26 100.279 85.3941 2317.2 5.39184e-08 
338 2663.23 99.1184 85.7557 2322.27 5.37583e-08 
339 2634.51 97.9253 86.1025 2327.33 5.35993e-08 
340 2606.1 96.7001 86.4345 2332.37 5.34413e-08 
341 2578.01 95.4437 86.7515 2337.4 5.32842e-08 
342 2550.25 94.1568 87.0535 2342.42 5.31279e-08 
343 2522.84 92.8405 87.3404 2347.42 5.29723e-08 
344 2495.77 91.4956 87.6121 2352.41 5.28172e-08 
345 2469.06 90.1232 87.8686 2357.39 5.26624e-08 
346 2442.72 88.7243 88.1099 2362.36 5.25078e-08 
347 2416.76 87.2999 88.3359 2367.31 5.23532e-08 
348 2391.19 85.8514 88.5466 2372.24 5.21984e-08 
349 2366.01 84.3798 88.7419 2377.17 5.20432e-08 
350 2341.23 82.8866 88.922 2382.07 5.18873e-08 
351 2316.86 81.3727 89.0868 2386.97 5.17306e-08 
352 2292.92 79.8388 89.2361 2391.85 5.15731e-08 
353 2269.39 78.2852 89.3699 2396.72 5.14148e-08 
354 2246.28 76.7122 89.4881 2401.57 5.12558e-08 
355 2223.6 75.1201 89.5906 2406.41 5.10962e-08 
356 2201.35 73.5095 89.6773 2411.24 5.09361e-08 
357 2179.53 71.8805 89.7481 2416.05 5.07755e-08 
358 2158.14 70.2337 89.8029 2420.85 5.06144e-08 
359 2137.19 68.5695 89.8416 2425.64 5.0453e-08 
360 2116.68 66.8883 89.8643 2430.41 5.02913e-08 
361 2096.6 65.1905 89.8708 2435.17 5.01293e-08 
362 2076.97 63.4767 89.8611 2439.92 4.99672e-08 
363 2057.78 61.7472 89.8351 2444.65 4.98049e-08 
364 2039.03 60.0026 89.7929 2449.38 4.96425e-08 
365 2020.74 58.2433 89.7345 2454.08 4.94801e-08 
366 2002.88 56.47 89.6597 2458.78 4.93178e-08 
367 1985.48 54.6831 89.5686 2463.46 4.91555e-08 
368 1968.53 52.8832 89.4613 2468.13 4.89934e-08 
369 1952.03 51.0709 89.3377 2472.79 4.88314e-08 
370 1935.99 49.2467 89.1979 2477.44 4.86697e-08 
371 1920.39 47.4113 89.0419 2482.07 4.85082e-08 
372 1905.25 45.5653 88.8698 2486.69 4.8347e-08 
373 1890.56 43.7092 88.6816 2491.3 4.81862e-08 
374 1876.33 41.8439 88.4774 2495.9 4.80257e-08 
375 1862.55 39.9698 88.2573 2500.49 4.78657e-08 
376 1849.22 38.0878 88.0215 2505.06 4.77061e-08 
377 1836.35 36.1986 87.7699 2509.62 4.7547e-08 
378 1823.93 34.3028 87.5028 2514.17 4.73883e-08 
379 1811.96 32.4012 87.2202 2518.71 4.72302e-08 
380 1800.44 30.4945 86.9224 2523.23 4.70726e-08 
381 1789.38 28.5837 86.6094 2527.74 4.69156e-08 
382 1778.76 26.6693 86.2815 2532.24 4.67592e-08 
383 1768.6 24.7523 85.9388 2536.73 4.66033e-08 
384 1758.88 22.8335 85.5816 2541.21 4.64481e-08 
385 1749.6 20.9138 85.2101 2545.68 4.62934e-08 
386 1740.77 18.994 84.8244 2550.13 4.61393e-08 
387 1732.38 17.0751 84.425 2554.57 4.59859e-08 
388 1724.43 15.1579 84.0119 2559 4.5833e-08 
389 1716.92 13.2434 83.5855 2563.42 4.56807e-08 
390 1709.85 11.3325 83.1461 2567.83 4.55289e-08 
391 1703.2 9.42623 82.694 2572.23 4.53777e-08 
392 1696.99 7.5256 82.2295 2576.61 4.52271e-08 
393 1691.21 5.63163 81.7529 2580.98 4.50769e-08 
394 1685.84 3.74534 81.2647 2585.34 4.49272e-08 
395 1680.9 1.86781 80.7652 2589.69 4.47779e-08 
396 1676.38 0.000114275 80.2548 2594.03 4.4629e-08 
397 1672.26 -1.85663 79.734 2598.35 4.44805e-08 
398 1668.56 -3.70128 79.203 2602.67 4.43322e-08 
399 1665.27 -5.5327 78.6625 2606.97 4.41842e-08 
400 1662.37 -7.3497 78.1128 2611.26 4.40364e-08 
401 1659.87 -9.15119 77.5544 2615.53 4.38888e-08 
402 1657.77 -10.9365 76.9875 2619.8 4.37413e-08 
403 1656.06 -12.7051 76.4122 2624.06 4.3594e-08 
404 1654.73 -14.4564 75.8287 2628.3 4.34469e-08 
405 1653.8 -16.1899 75.237 2632.53 4.33002e-08 
406 1653.24 -17.9049 74.6374 2636.75 4.31538e-08 
407 1653.06 -19.6011 74.0299 2640.96 4.30077e-08 
408 1653.26 -21.2778 73.4148 2645.15 4.28621e-08 
409 1653.83 -22.9344 72.7922 2649.34 4.27169e-08 
410 1654.77 -24.5706 72.1623 2653.52 4.25722e-08 
411 1656.07 -26.1856 71.5252 2657.68 4.2428e-08 
412 1657.73 -27.7791 70.881 2661.83 4.22843e-08 
413 1659.75 -29.3505 70.2301 2665.97 4.21412e-08 
414 1662.11 -30.8993 69.5726 2670.1 4.19988e-08 
415 1664.83 -32.425 68.9086 2674.22 4.18569e-08 
416 1667.88 -33.9271 68.2384 2678.33 4.17158e-08 
417 1671.27 -35.405 67.5622 2682.43 4.15753e-08 
418 1674.99 -36.8584 66.8801 2686.52 4.14355e-08 
419 1679.04 -38.2867 66.1925 2690.59 4.12965e-08 
420 1683.4 -39.6895 65.4995 2694.66 4.11582e-08 
421 1688.08 -41.0663 64.8013 2698.72 4.10207e-08 
422 1693.07 -42.4167 64.0982 2702.76 4.08839e-08 
423 1698.36 -43.7401 63.3904 2706.8 4.0748e-08 
424 1703.95 -45.0363 62.6782 2710.82 4.06129e-08 
425 1709.83 -46.3047 61.9618 2714.83 4.04786e-08 
426 1715.99 -47.5449 61.2414 2718.84 4.03452e-08 
427 1722.43 -48.7565 60.5174 2722.83 4.02126e-08 
428 1729.13 -49.9392 59.79 2726.81 4.00808e-08 
429 1736.1 -51.0925 59.0595 2730.79 3.99499e-08 
430 1743.32 -52.2161 58.3262 2734.75 3.98198e-08 
431 1750.8 -53.3095 57.5903 2738.7 3.96906e-08 
432 1758.51 -54.3725 56.8522 2742.64 3.95622e-08 
433 1766.45 -55.4048 56.1121 2746.58 3.94347e-08 
434 1774.61 -56.4058 55.3704 2750.5 3.93079e-08 
435 1783 -57.3755 54.6274 2754.41 3.9182e-08 
436 1791.58 -58.3134 53.8834 2758.31 3.90569e-08 
437 1800.37 -59.2192 53.1388 2762.2 3.89325e-08 
438 1809.35 -60.0928 52.3938 2766.08 3.88089e-08 
439 1818.5 -60.9337 51.6488 2769.96 3.8686e-08 
440 1827.83 -61.7419 50.9043 2773.82 3.85638e-08 
441 1837.32 -62.5169 50.1605 2777.67 3.84423e-08 
442 1846.96 -63.2588 49.4178 2781.51 3.83214e-08 
443 1856.75 -63.9671 48.6766 2785.34 3.82012e-08 
444 1866.67 -64.6417 47.9372 2789.16 3.80814e-08 
445 1876.7 -65.2826 47.2001 2792.97 3.79622e-08 
446 1886.86 -65.8894 46.4657 2796.77 3.78435e-08 
447 1897.11 -66.4621 45.7344 2800.57 3.77252e-08 
448 1907.45 -67.0006 45.0065 2804.35 3.76073e-08 
449 1917.87 -67.5048 44.2825 2808.12 3.74896e-08 
450 1928.36 -67.9745 43.5629 2811.88 3.73723e-08 
451 1938.91 -68.4097 42.848 2815.63 3.72551e-08 
452 1949.51 -68.8103 42.138 2819.37 3.71381e-08 
453 1960.15 -69.1762 41.4333 2823.1 3.70214e-08 
454 1970.85 -69.5071 40.7338 2826.82 3.69049e-08 
455 1981.58 -69.803 40.0399 2830.53 3.67887e-08 
456 1992.35 -70.0639 39.3517 2834.23 3.66729e-08 
457 2003.15 -70.2895 38.6694 2837.92 3.65573e-08 
458 2013.98 -70.48 37.9932 2841.6 3.64421e-08 
459 2024.84 -70.6352 37.3232 2845.27 3.63273e-08 
460 2035.71 -70.7551 36.6597 2848.93 3.62129e-08 
461 2046.6 -70.8398 36.0029 2852.59 3.60989e-08 
462 2057.5 -70.8892 35.3528 2856.23 3.59854e-08 
463 2068.41 -70.9034 34.7097 2859.86 3.58723e-08 
464 2079.31 -70.8824 34.0738 2863.49 3.57597e-08 
465 2090.22 -70.8264 33.4452 2867.1 3.56476e-08 
466 2101.11 -70.7354 32.8241 2870.71 3.5536e-08 
467 2111.99 -70.6096 32.2107 2874.3 3.54249e-08 
468 2122.86 -70.4491 31.6051 2877.89 3.53144e-08 
469 2133.7 -70.2541 31.0075 2881.47 3.52044e-08 
470 2144.51 -70.0248 30.4181 2885.04 3.5095e-08 
471 2155.29 -69.7614 29.837 2888.6 3.49861e-08 
472 2166.02 -69.4641 29.2645 2892.15 3.48779e-08 
473 2176.72 -69.1332 28.7006 2895.7 3.47702e-08 
474 2187.36 -68.769 28.1455 2899.23 3.46632e-08 
475 2197.95 -68.3718 27.5993 2902.76 3.45568e-08 
476 2208.47 -67.942 27.0623 2906.27 3.44509e-08 
477 2218.93 -67.4798 26.5345 2909.78 3.43458e-08 
478 2229.32 -66.9858 26.0161 2913.28 3.42412e-08 
479 2239.63 -66.4603 25.5072 2916.77 3.41373e-08 
480 2249.85 -65.9038 25.0081 2920.26 3.4034e-08 
481 2259.98 -65.3167 24.5187 2923.73 3.39313e-08 
482 2270.02 -64.6996 24.0393 2927.2 3.38292e-08 
483 2279.95 -64.053 23.57 2930.65 3.37278e-08 
484 2289.77 -63.3775 23.1109 2934.1 3.3627e-08 
485 2299.48 -62.6736 22.6621 2937.55 3.35269e-08 
486 2309.06 -61.942 22.2237 2940.98 3.34273e-08 
487 2318.52 -61.1834 21.7959 2944.4 3.33283e-08 
488 2327.84 -60.3984 21.3787 2947.82 3.32299e-08 
489 2337.01 -59.5877 20.9724 2951.23 3.31321e-08 
490 2346.04 -58.7522 20.5769 2954.63 3.30349e-08 
491 2354.91 -57.8925 20.1923 2958.02 3.29382e-08 
492 2363.62 -57.0096 19.8189 2961.4 3.28421e-08 
493 2372.16 -56.1042 19.4566 2964.78 3.27464e-08 
494 2380.52 -55.1773 19.1056 2968.15 3.26513e-08 
495 2388.7 -54.2298 18.7658 2971.51 3.25566e-08 
496 2396.69 -53.2627 18.4375 2974.86 3.24624e-08 
497 2404.47 -52.2769 18.1207 2978.2 3.23686e-08 
498 2412.05 -51.2735 17.8154 2981.54 3.22752e-08 
499 2419.41 -50.2536 17.5217 2984.87 3.21822e-08 
500 2426.55 -49.2182 17.2397 2988.19 3.20894e-08 
501 2433.47 -48.1685 16.9694 2991.5 3.19971e-08 
502 2440.15 -47.1048 16.7108 2994.8 3.1905e-08 
503 2446.6 -46.0275 16.4642 2998.1 3.18132e-08 
504 2452.82 -44.937 16.2294 3001.38 3.17218e-08 
505 2458.81 -43.8336 16.0065 3004.66 3.16308e-08 
506 2464.57 -42.7178 15.7957 3007.94 3.15401e-08 
507 2470.1 -41.5898 15.5968 3011.2 3.14498e-08 
508 2475.39 -40.4502 15.4101 3014.46 3.13599e-08 
509 2480.46 -39.2993 15.2354 3017.71 3.12704e-08 
510 2485.29 -38.1377 15.0729 3020.95 3.11814e-08 
511 2489.89 -36.9656 14.9224 3024.18 3.10927e-08 
512 2494.26 -35.7837 14.7842 3027.41 3.10045e-08 
513 2498.4 -34.5923 14.6581 3030.63 3.09168e-08 
514 2502.31 -33.3921 14.5441 3033.84 3.08295e-08 
515 2505.98 -32.1834 14.4423 3037.04 3.07426e-08 
516 2509.43 -30.9669 14.3526 3040.24 3.06563e-08 
517 2512.64 -29.743 14.275 3043.43 3.05704e-08 
518 2515.63 -28.5123 14.2095 3046.61 3.0485e-08 
519 2518.38 -27.2755 14.1561 3049.79 3.04e-08 
520 2520.91 -26.033 14.1147 3052.96 3.03156e-08 
521 2523.2 -24.7855 14.0852 3056.12 3.02317e-08 
522 2525.26 -23.5337 14.0677 3059.27 3.01482e-08 
523 2527.1 -22.2781 14.062 3062.42 3.00653e-08 
524 2528.71 -21.0194 14.0681 3065.56 2.99829e-08 
525 2530.09 -19.7583 14.0859 3068.69 2.99009e-08 
526 2531.24 -18.4955 14.1153 3071.82 2.98195e-08 
527 2532.16 -17.2317 14.1563 3074.94 2.97386e-08 
528 2532.86 -15.9676 14.2087 3078.05 2.96582e-08 
529 2533.33 -14.704 14.2724 3081.16 2.95782e-08 
530 2533.58 -13.4416 14.3473 3084.26 2.94988e-08 
531 2533.6 -12.1812 14.4333 3087.35 2.94198e-08 
532 2533.4 -10.9236 14.5303 3090.43 2.93414e-08 
533 2532.98 -9.66965 14.638 3093.51 2.92634e-08 
534 2532.33 -8.42017 14.7565 3096.58 2.91858e-08 
535 2531.46 -7.17603 14.8854 3099.65 2.91088e-08 
536 2530.37 -5.9381 15.0246 3102.7 2.90321e-08 
537 2529.06 -4.70728 15.1741 3105.75 2.89559e-08 
538 2527.54 -3.48448 15.3334 3108.8 2.88802e-08 
539 2525.79 -2.27066 15.5026 3111.83 2.88049e-08 
540 2523.83 -1.06677 15.6813 3114.86 2.87299e-08 
541 2521.65 0.126215 15.8694 3117.89 2.86554e-08 
542 2519.26 1.30728 16.0666 3120.91 2.85812e-08 
543 2516.65 2.47542 16.2727 3123.92 2.85073e-08 
544 2513.83 3.62956 16.4874 3126.92 2.84338e-08 
545 2510.8 4.76866 16.7106 3129.92 2.83607e-08 
546 2507.56 5.89161 16.9418 3132.9 2.82878e-08 
547 2504.11 6.99731 17.1809 3135.89 2.82152e-08 
548 2500.45 8.08462 17.4276 3138.86 2.81428e-08 
549 2496.59 9.15238 17.6814 3141.83 2.80706e-08 
550 2492.52 10.1994 17.9423 3144.8 2.79987e-08 
551 2488.24 11.2247 18.2098 3147.75 2.79269e-08 
552 2483.77 12.2276 18.4839 3150.7 2.78554e-08 
553 2479.1 13.208 18.7644 3153.64 2.7784e-08 
554 2474.24 14.1655 19.0513 3156.58 2.77128e-08 
555 2469.19 15.0998 19.3445 3159.51 2.76418e-08 
556 2463.94 16.0104 19.6439 3162.43 2.7571e-08 
557 2458.52 16.8973 19.9494 3165.35 2.75004e-08 
558 2452.92 17.7599 20.261 3168.25 2.74301e-08 
559 2447.14 18.598 20.5784 3171.16 2.736e-08 
560 2441.19 19.4113 20.9016 3174.05 2.72902e-08 
561 2435.07 20.1995 21.2305 3176.94 2.72206e-08 
562 2428.78 20.9623 21.565 3179.83 2.71512e-08 
563 2422.33 21.6993 21.9049 3182.7 2.70821e-08 
564 2415.73 22.4103 22.2501 3185.57 2.70133e-08 
565 2408.98 23.0951 22.6005 3188.44 2.69447e-08 
566 2402.07 23.7532 22.9559 3191.3 2.68765e-08 
567 2395.02 24.3844 23.3162 3194.15 2.68084e-08 
568 2387.84 24.9884 23.6812 3197 2.67407e-08 
569 2380.51 25.5649 24.0509 3199.84 2.66733e-08 
570 2373.06 26.1138 24.4249 3202.67 2.66061e-08 
571 2365.48 26.6346 24.8032 3205.5 2.65393e-08 
572 2357.77 27.1271 25.1856 3208.32 2.64727e-08 
573 2349.95 27.5911 25.5719 3211.13 2.64064e-08 
574 2342.02 28.0262 25.9619 3213.94 2.63404e-08 
575 2333.98 28.4323 26.3554 3216.75 2.62747e-08 
576 2325.83 28.8091 26.7523 3219.54 2.62093e-08 
577 2317.59 29.1563 27.1523 3222.34 2.61442e-08 
578 2309.25 29.4737 27.5553 3225.12 2.60794e-08 
579 2300.83 29.761 27.961 3227.9 2.60148e-08 
580 2292.32 30.0181 28.3692 3230.68 2.59506e-08 
581 2283.73 30.2446 28.7796 3233.44 2.58866e-08 
582 2275.07 30.4404 29.1921 3236.21 2.5823e-08 
583 2266.35 30.6052 29.6065 3238.96 2.57596e-08 
584 2257.56 30.7388 30.0224 3241.71 2.56965e-08 
585 2248.72 30.841 30.4396 3244.46 2.56336e-08 
586 2239.82 30.9117 30.8578 3247.2 2.5571e-08 
587 2230.88 30.9505 31.2769 3249.93 2.55087e-08 
588 2221.9 30.9574 31.6965 3252.66 2.54467e-08 
589 2212.89 30.9321 32.1163 3255.38 2.53849e-08 
590 2203.85 30.8744 32.5361 3258.1 2.53233e-08 
591 2194.79 30.7842 32.9556 3260.81 2.52619e-08 
592 2185.72 30.6614 33.3745 3263.51 2.52008e-08 
593 2176.63 30.5056 33.7924 3266.21 2.51399e-08 
594 2167.54 30.3168 34.2091 3268.9 2.50792e-08 
595 2158.46 30.0949 34.6242 3271.59 2.50187e-08 
596 2149.38 29.8397 35.0374 3274.27 2.49584e-08 
597 2140.32 29.551 35.4484 3276.95 2.48982e-08 
598 2131.28 29.2287 35.8568 3279.62 2.48382e-08 
599 2122.27 28.8727 36.2623 3282.28 2.47783e-08 
600 2113.3 28.4829 36.6645 3284.94 2.47186e-08 
601 2104.37 28.0593 37.0631 3287.59 2.4659e-08 
602 2095.48 27.6018 37.458 3290.24 2.45995e-08 
603 2086.64 27.1106 37.8491 3292.88 2.45401e-08 
604 2077.86 26.5859 38.2362 3295.52 2.44809e-08 
605 2069.12 26.0277 38.6193 3298.14 2.44218e-08 
606 2060.45 25.4363 38.9984 3300.77 2.43628e-08 
607 2051.83 24.8119 39.3732 3303.39 2.4304e-08 
608 2043.27 24.1545 39.7437 3306 2.42454e-08 
609 2034.78 23.4645 40.1099 3308.61 2.41869e-08 
610 2026.36 22.7421 40.4716 3311.21 2.41285e-08 
611 2018.01 21.9874 40.8287 3313.81 2.40703e-08 
612 2009.74 21.2008 41.1811 3316.4 2.40123e-08 
613 2001.54 20.3825 41.5288 3318.98 2.39545e-08 
614 1993.42 19.5327 41.8716 3321.57 2.38968e-08 
615 1985.39 18.6519 42.2094 3324.14 2.38393e-08 
616 1977.45 17.7402 42.5422 3326.71 2.3782e-08 
617 1969.59 16.7981 42.8699 3329.28 2.37249e-08 
618 1961.83 15.8258 43.1923 3331.84 2.36679e-08 
619 1954.16 14.8237 43.5093 3334.39 2.36112e-08 
620 1946.6 13.7922 43.8209 3336.94 2.35546e-08 
621 1939.13 12.7318 44.1269 3339.48 2.34982e-08 
622 1931.78 11.6427 44.4273 3342.02 2.3442e-08 
623 1924.53 10.5255 44.7219 3344.56 2.3386e-08 
624 1917.4 9.38063 45.0107 3347.09 2.33302e-08 
625 1910.38 8.20847 45.2935 3349.61 2.32746e-08 
626 1903.49 7.00956 45.5702 3352.13 2.32192e-08 
627 1896.72 5.78438 45.8408 3354.64 2.3164e-08 
628 1890.07 4.53347 46.1052 3357.15 2.3109e-08 
629 1883.56 3.25737 46.3631 3359.66 2.30542e-08 
630 1877.18 1.95663 46.6146 3362.16 2.29996e-08 
631 1870.93 0.631825 46.8595 3364.65 2.29451e-08 
632 1864.83 -0.716434 47.0977 3367.14 2.28909e-08 
633 1858.88 -2.08754 47.3291 3369.63 2.28368e-08 
634 1853.07 -3.48084 47.5537 3372.11 2.2783e-08 
635 1847.41 -4.89569 47.7712 3374.58 2.27293e-08 
636 1841.92 -6.3314 47.9816 3377.05 2.26758e-08 
637 1836.58 -7.78727 48.1848 3379.52 2.26224e-08 
638 1831.4 -9.26259 48.3807 3381.98 2.25693e-08 
639 1826.4 -10.7566 48.5691 3384.43 2.25163e-08 
640 1821.56 -12.2685 48.75 3386.88 2.24635e-08 
641 1816.9 -13.7976 48.9233 3389.33 2.24108e-08 
642 1812.42 -15.3431 49.0888 3391.77 2.23583e-08 
643 1808.12 -16.904 49.2464 3394.21 2.2306e-08 
644 1804.01 -18.4796 49.396 3396.64 2.22538e-08 
645 1800.09 -20.069 49.5376 3399.07 2.22017e-08 
646 1796.37 -21.6712 49.6709 3401.49 2.21498e-08 
647 1792.84 -23.2854 49.796 3403.91 2.20979e-08 
648 1789.52 -24.9106 49.9126 3406.32 2.20462e-08 
649 1786.41 -26.5458 50.0206 3408.73 2.19947e-08 
650 1783.51 -28.19 50.12 3411.13 2.19432e-08 
651 1780.82 -29.8424 50.2107 3413.53 2.18918e-08 
652 1778.35 -31.5023 50.2926 3415.92 2.18405e-08 
653 1776.09 -33.1694 50.3657 3418.31 2.17893e-08 
654 1774.05 -34.8432 50.4301 3420.7 2.17382e-08 
655 1772.22 -36.5231 50.4857 3423.08 2.16872e-08 
656 1770.6 -38.2088 50.5326 3425.45 2.16363e-08 
657 1769.2 -39.8997 50.5708 3427.82 2.15855e-08 
658 1768 -41.5954 50.6002 3430.19 2.15349e-08 
659 1767.01 -43.2953 50.621 3432.55 2.14844e-08 
660 1766.23 -44.9989 50.6331 3434.91 2.1434e-08 
661 1765.66 -46.7056 50.6365 3437.26 2.13837e-08 
662 1765.3 -48.4151 50.6313 3439.61 2.13336e-08 
663 1765.14 -50.1266 50.6175 3441.95 2.12836e-08 
664 1765.19 -51.8396 50.5951 3444.29 2.12337e-08 
665 1765.43 -53.5535 50.5643 3446.63 2.1184e-08 
666 1765.88 -55.2678 50.5249 3448.96 2.11344e-08 
667 1766.54 -56.9819 50.477 3451.28 2.1085e-08 
668 1767.39 -58.6951 50.4208 3453.6 2.10357e-08 
669 1768.44 -60.4068 50.3562 3455.92 2.09865e-08 
670 1769.69 -62.1163 50.2833 3458.23 2.09375e-08 
671 1771.13 -63.8231 50.2021 3460.54 2.08887e-08 
672 1772.77 -65.5264 50.1127 3462.84 2.084e-08 
673 1774.6 -67.2256 50.0152 3465.14 2.07915e-08 
674 1776.62 -68.9201 49.9096 3467.44 2.07431e-08 
675 1778.84 -70.609 49.7959 3469.73 2.06948e-08 
676 1781.24 -72.2917 49.6743 3472.02 2.06468e-08 
677 1783.83 -73.9674 49.5449 3474.3 2.05989e-08 
678 1786.61 -75.6355 49.4076 3476.58 2.05511e-08 
679 1789.57 -77.2951 49.2626 3478.85 2.05035e-08 
680 1792.72 -78.9455 49.11 3481.12 2.04561e-08 
681 1796.04 -80.5859 48.9498 3483.38 2.04088e-08 
682 1799.55 -82.2156 48.7822 3485.64 2.03617e-08 
683 1803.23 -83.8337 48.6072 3487.9 2.03147e-08 
684 1807.09 -85.4393 48.4249 3490.15 2.02679e-08 
685 1811.13 -87.0317 48.2354 3492.4 2.02212e-08 
686 1815.34 -88.61 48.0389 3494.64 2.01747e-08 
687 1819.72 -90.1734 47.8354 3496.88 2.01284e-08 
688 1824.26 -91.7209 47.6251 3499.12 2.00821e-08 
689 1828.98 -93.2517 47.408 3501.35 2.00361e-08 
690 1833.86 -94.7649 47.1843 3503.57 1.99902e-08 
691 1838.9 -96.2595 46.9541 3505.8 1.99444e-08 
692 1844.11 -97.7346 46.7176 3508.01 1.98988e-08 
693 1849.47 -99.1892 46.4748 3510.23 1.98533e-08 
694 1855 -100.622 46.226 3512.44 1.98079e-08 
695 1860.67 -102.033 45.9712 3514.64 1.97627e-08 
696 1866.5 -103.421 45.7106 3516.84 1.97176e-08 
697 1872.48 -104.784 45.4443 3519.04 1.96726e-08 
698 1878.62 -106.121 45.1726 3521.23 1.96278e-08 
699 1884.89 -107.432 44.8955 3523.41 1.9583e-08 
700 1891.31 -108.716 44.6132 3525.6 1.95384e-08 
701 1897.88 -109.971 44.3259 3527.78 1.94939e-08 
702 1904.58 -111.197 44.0336 3529.95 1.94494e-08 
703 1911.41 -112.393 43.7365 3532.12 1.94051e-08 
704 1918.38 -113.561 43.4346 3534.28 1.93609e-08 
705 1925.48 -114.699 43.1281 3536.44 1.93169e-08 
706 1932.7 -115.806 42.8169 3538.6 1.92729e-08 
707 1940.04 -116.884 42.5012 3540.75 1.92291e-08 
708 1947.5 -117.931 42.1812 3542.9 1.91854e-08 
709 1955.08 -118.947 41.8568 3545.05 1.91418e-08 
710 1962.77 -119.932 41.5282 3547.19 1.90983e-08 
711 1970.56 -120.887 41.1955 3549.32 1.9055e-08 
712 1978.45 -121.809 40.8588 3551.45 1.90118e-08 
713 1986.45 -122.7 40.5181 3553.58 1.89687e-08 
714 1994.54 -123.559 40.1737 3555.7 1.89258e-08 
715 2002.72 -124.386 39.8257 3557.82 1.8883e-08 
716 2010.99 -125.18 39.474 3559.94 1.88403e-08 
717 2019.34 -125.942 39.119 3562.05 1.87978e-08 
718 2027.77 -126.671 38.7606 3564.15 1.87555e-08 
719 2036.28 -127.367 38.399 3566.26 1.87132e-08 
720 2044.86 -128.029 38.0343 3568.36 1.86711e-08 
721 2053.5 -128.658 37.6668 3570.45 1.86292e-08 
722 2062.21 -129.253 37.2964 3572.54 1.85874e-08 
723 2070.97 -129.815 36.9233 3574.63 1.85457e-08 
724 2079.79 -130.342 36.5478 3576.71 1.85042e-08 
725 2088.66 -130.834 36.1698 3578.79 1.84629e-08 
726 2097.57 -131.293 35.7897 3580.87 1.84217e-08 
727 2106.52 -131.716 35.4074 3582.94 1.83806e-08 
728 2115.51 -132.105 35.0232 3585.01 1.83397e-08 
729 2124.53 -132.458 34.6373 3587.07 1.82989e-08 
730 2133.57 -132.776 34.2497 3589.13 1.82583e-08 
731 2142.64 -133.059 33.8607 3591.19 1.82178e-08 
732 2151.73 -133.306 33.4704 3593.24 1.81774e-08 
733 2160.82 -133.517 33.0789 3595.29 1.81372e-08 
734 2169.93 -133.692 32.6866 3597.33 1.80972e-08 
735 2179.03 -133.831 32.2934 3599.37 1.80573e-08 
736 2188.13 -133.934 31.8997 3601.41 1.80175e-08 
737 2197.23 -134 31.5056 3603.44 1.79779e-08 
738 2206.31 -134.03 31.1112 3605.47 1.79384e-08 
739 2215.37 -134.023 30.7169 3607.5 1.7899e-08 
740 2224.41 -133.979 30.3227 3609.52 1.78598e-08 
741 2233.42 -133.898 29.9288 3611.54 1.78207e-08 
742 2242.4 -133.779 29.5355 3613.56 1.77817e-08 
743 2251.34 -133.624 29.143 3615.57 1.77429e-08 
744 2260.23 -133.431 28.7515 3617.57 1.77041e-08 
745 2269.07 -133.201 28.3612 3619.58 1.76656e-08 
746 2277.86 -132.933 27.9723 3621.58 1.76271e-08 
747 2286.59 -132.627 27.585 3623.57 1.75887e-08 
748 2295.24 -132.283 27.1995 3625.57 1.75505e-08 
749 2303.83 -131.902 26.8161 3627.56 1.75123e-08 
750 2312.33 -131.483 26.4351 3629.54 1.74743e-08 
751 2320.76 -131.025 26.0566 3631.52 1.74363e-08 
752 2329.09 -130.53 25.6807 3633.5 1.73985e-08 
753 2337.34 -129.996 25.3074 3635.48 1.73608e-08 
754 2345.49 -129.426 24.9369 3637.45 1.73232e-08 
755 2353.55 -128.818 24.5693 3639.41 1.72856e-08 
756 2361.52 -128.173 24.2045 3641.38 1.72482e-08 
757 2369.38 -127.492 23.8427 3643.34 1.72109e-08 
758 2377.14 -126.774 23.484 3645.29 1.71738e-08 
759 2384.8 -126.02 23.1283 3647.24 1.71367e-08 
760 2392.35 -125.23 22.7758 3649.19 1.70997e-08 
761 2399.8 -124.405 22.4266 3651.14 1.70629e-08 
762 2407.13 -123.544 22.0806 3653.08 1.70262e-08 
763 2414.34 -122.648 21.7381 3655.02 1.69896e-08 
764 2421.44 -121.718 21.399 3656.96 1.69531e-08 
765 2428.42 -120.754 21.0635 3658.89 1.69168e-08 
766 2435.27 -119.756 20.7315 3660.81 1.68805e-08 
767 2442 -118.724 20.4033 3662.74 1.68444e-08 
768 2448.61 -117.659 20.0788 3664.66 1.68084e-08 
769 2455.08 -116.562 19.7581 3666.58 1.67726e-08 
770 2461.42 -115.433 19.4414 3668.49 1.67368e-08 
771 2467.62 -114.272 19.1286 3670.4 1.67012e-08 
772 2473.68 -113.079 18.8199 3672.31 1.66657e-08 
773 2479.6 -111.856 18.5153 3674.22 1.66304e-08 
774 2485.38 -110.603 18.2149 3676.12 1.65951e-08 
775 2491.01 -109.319 17.9188 3678.01 1.656e-08 
776 2496.48 -108.007 17.6271 3679.91 1.65251e-08 
777 2501.81 -106.665 17.3398 3681.8 1.64902e-08 
778 2506.98 -105.296 17.0571 3683.69 1.64555e-08 
779 2511.98 -103.898 16.7789 3685.57 1.64209e-08 
780 2516.83 -102.474 16.5054 3687.45 1.63864e-08 
781 2521.51 -101.023 16.2367 3689.33 1.6352e-08 
782 2526.02 -99.5463 15.9728 3691.2 1.63178e-08 
783 2530.37 -98.0443 15.7138 3693.07 1.62837e-08 
784 2534.53 -96.5177 15.4599 3694.94 1.62497e-08 
785 2538.52 -94.9672 15.211 3696.81 1.62159e-08 
786 2542.33 -93.3934 14.9672 3698.67 1.61821e-08 
787 2545.96 -91.797 14.7287 3700.52 1.61485e-08 
788 2549.4 -90.1787 14.4956 3702.38 1.6115e-08 
789 2552.65 -88.5392 14.2678 3704.23 1.60816e-08 
790 2555.7 -86.8794 14.0455 3706.08 1.60483e-08 
791 2558.56 -85.1999 13.8288 3707.92 1.60152e-08 
792 2561.22 -83.5015 13.6177 3709.76 1.59821e-08 
793 2563.68 -81.7851 13.4124 3711.6 1.59492e-08 
794 2565.93 -80.0514 13.2129 3713.43 1.59163e-08 
795 2567.98 -78.3013 13.0193 3715.27 1.58836e-08 
796 2569.81 -76.5355 12.8317 3717.09 1.5851e-08 
797 2571.42 -74.7551 12.6502 3718.92 1.58184e-08 
798 2572.82 -72.9608 12.4749 3720.74 1.5786e-08 
799 2573.99 -71.1536 12.3057 3722.56 1.57537e-08 
800 2574.93 -69.3344 12.143 3724.37 1.57214e-08 
801 2575.65 -67.5041 11.9866 3726.18 1.56892e-08 
802 2576.14 -65.6631 11.8366 3727.99 1.56572e-08 
803 2576.4 -63.812 11.6931 3729.79 1.56252e-08 
804 2576.44 -61.9513 11.5559 3731.59 1.55933e-08 
805 2576.25 -60.0814 11.4252 3733.39 1.55615e-08 
806 2575.83 -58.2028 11.3008 3735.19 1.55298e-08 
807 2575.19 -56.3161 11.1827 3736.98 1.54982e-08 
808 2574.32 -54.4217 11.0711 3738.77 1.54667e-08 
809 2573.24 -52.5201 10.9657 3740.55 1.54353e-08 
810 2571.93 -50.6121 10.8667 3742.33 1.5404e-08 
811 2570.4 -48.6979 10.7739 3744.11 1.53727e-08 
812 2568.65 -46.7783 10.6875 3745.89 1.53416e-08 
813 2566.69 -44.8538 10.6072 3747.66 1.53106e-08 
814 2564.5 -42.9249 10.5332 3749.43 1.52796e-08 
815 2562.1 -40.9923 10.4654 3751.19 1.52488e-08 
816 2559.49 -39.0565 10.4038 3752.95 1.52181e-08 
817 2556.66 -37.1182 10.3483 3754.71 1.51874e-08 
818 2553.61 -35.178 10.2989 3756.47 1.51569e-08 
819 2550.36 -33.2364 10.2555 3758.22 1.51265e-08 
820 2546.89 -31.2943 10.2182 3759.97 1.50961e-08 
821 2543.22 -29.3521 10.1869 3761.72 1.50659e-08 
822 2539.34 -27.4106 10.1616 3763.46 1.50357e-08 
823 2535.25 -25.4704 10.1421 3765.2 1.50057e-08 
824 2530.95 -23.5323 10.1286 3766.94 1.49757e-08 
825 2526.45 -21.5969 10.1209 3768.67 1.49459e-08 
826 2521.75 -19.6649 10.1189 3770.4 1.49161e-08 
827 2516.84 -17.7371 10.1227 3772.13 1.48865e-08 
828 2511.74 -15.8141 10.1321 3773.86 1.48569e-08 
829 2506.43 -13.8968 10.1472 3775.58 1.48274e-08 
830 2500.93 -11.9859 10.1679 3777.3 1.47981e-08 
831 2495.23 -10.0821 10.194 3779.01 1.47688e-08 
832 2489.33 -8.18625 10.2256 3780.72 1.47396e-08 
833 2483.25 -6.29912 10.2627 3782.43 1.47105e-08 
834 2476.97 -4.42153 10.305 3784.14 1.46815e-08 
835 2470.5 -2.55428 10.3526 3785.84 1.46525e-08 
836 2463.84 -0.698198 10.4054 3787.54 1.46237e-08 
837 2456.99 1.14587 10.4633 3789.24 1.4595e-08 
838 2449.96 2.97707 10.5263 3790.93 1.45663e-08 
839 2442.75 4.79453 10.5943 3792.62 1.45377e-08 
840 2435.35 6.59738 10.6671 3794.31 1.45092e-08 
841 2427.77 8.38472 10.7448 3796 1.44808e-08 
842 2420.01 10.1557 10.8272 3797.68 1.44524e-08 
843 2412.08 11.9093 10.9143 3799.35 1.44241e-08 
844 2403.96 13.6446 11.0059 3801.03 1.43959e-08 
845 2395.68 15.3607 11.1021 3802.7 1.43678e-08 
846 2387.22 17.0567 11.2026 3804.37 1.43397e-08 
847 2378.59 18.7315 11.3074 3806.04 1.43117e-08 
848 2369.79 20.3842 11.4164 3807.7 1.42838e-08 
849 2360.83 22.0138 11.5295 3809.36 1.42559e-08 
850 2351.7 23.6193 11.6467 3811.02 1.42281e-08 
851 2342.41 25.1997 11.7677 3812.67 1.42003e-08 
852 2332.95 26.7547 11.8926 3814.32 1.41726e-08 
853 2323.34 28.2841 12.0212 3815.97 1.41449e-08 
854 2313.58 29.7875 12.1536 3817.61 1.41173e-08 
855 2303.66 31.2648 12.2896 3819.25 1.40898e-08 
856 2293.6 32.7157 12.4293 3820.89 1.40623e-08 
857 2283.4 34.14 12.5724 3822.52 1.40348e-08 
858 2273.05 35.5374 12.719 3824.15 1.40075e-08 
859 2262.56 36.9077 12.8689 3825.78 1.39802e-08 
860 2251.94 38.2507 13.0222 3827.41 1.39529e-08 
861 2241.19 39.566 13.1786 3829.03 1.39258e-08 
862 2230.3 40.8536 13.3383 3830.65 1.38986e-08 
863 2219.3 42.113 13.501 3832.27 1.38716e-08 
864 2208.17 43.3442 13.6667 3833.88 1.38446e-08 
865 2196.93 44.5468 13.8353 3835.49 1.38177e-08 
866 2185.57 45.7206 14.0067 3837.1 1.37908e-08 
867 2174.1 46.8654 14.1808 3838.7 1.3764e-08 
868 2162.52 47.981 14.3576 3840.31 1.37373e-08 
869 2150.84 49.0671 14.537 3841.9 1.37107e-08 
870 2139.06 50.1236 14.7188 3843.5 1.36841e-08 
871 2127.18 51.1501 14.9029 3845.09 1.36575e-08 
872 2115.21 52.1464 15.0894 3846.68 1.36311e-08 
873 2103.15 53.1124 15.278 3848.27 1.36047e-08 
874 2091.01 54.0478 15.4687 3849.86 1.35784e-08 
875 2078.78 54.9523 15.6614 3851.44 1.35521e-08 
876 2066.48 55.8258 15.8559 3853.02 1.3526e-08 
877 2054.11 56.668 16.0522 3854.6 1.34999e-08 
878 2041.66 57.4788 16.2501 3856.17 1.34738e-08 
879 2029.15 58.2578 16.4495 3857.74 1.34478e-08 
880 2016.58 59.0049 16.6504 3859.31 1.34219e-08 
881 2003.95 59.7199 16.8526 3860.87 1.33961e-08 
882 1991.27 60.4025 17.056 3862.44 1.33703e-08 
883 1978.54 61.0526 17.2604 3864 1.33446e-08 
884 1965.76 61.6699 17.4658 3865.55 1.3319e-08 
885 1952.94 62.2542 17.672 3867.11 1.32934e-08 
886 1940.09 62.8054 17.8789 3868.66 1.32679e-08 
887 1927.2 63.3232 18.0864 3870.21 1.32425e-08 
888 1914.29 63.8073 18.2943 3871.76 1.32171e-08 
889 1901.35 64.2577 18.5025 3873.3 1.31918e-08 
890 1888.39 64.6741 18.7109 3874.84 1.31666e-08 
891 1875.42 65.0563 18.9192 3876.38 1.31414e-08 
892 1862.43 65.4041 19.1275 3877.92 1.31163e-08 
893 1849.45 65.7173 19.3355 3879.45 1.30912e-08 
894 1836.46 65.9958 19.5431 3880.98 1.30662e-08 
895 1823.47 66.2393 19.7502 3882.51 1.30413e-08 
896 1810.49 66.4476 19.9565 3884.03 1.30164e-08 
897 1797.53 66.6206 20.162 3885.56 1.29916e-08 
898 1784.58 66.7581 20.3664 3887.08 1.29668e-08 
899 1771.65 66.8599 20.5697 3888.59 1.29421e-08 
900 1758.75 66.9258 20.7717 3890.11 1.29175e-08 
901 1745.88 66.9557 20.9722 3891.62 1.28929e-08 
902 1733.05 66.9497 21.1711 3893.13 1.28683e-08 
903 1720.25 66.9081 21.3684 3894.64 1.28438e-08 
904 1707.49 66.831 21.5641 3896.14 1.28194e-08 
905 1694.77 66.7186 21.7582 3897.64 1.2795e-08 
906 1682.1 66.5713 21.9505 3899.14 1.27707e-08 
907 1669.47 66.3891 22.141 3900.64 1.27464e-08 
908 1656.89 66.1725 22.3296 3902.13 1.27221e-08 
909 1644.35 65.9215 22.5164 3903.62 1.26979e-08 
910 1631.88 65.6366 22.7013 3905.11 1.26738e-08 
911 1619.45 65.3179 22.8842 3906.6 1.26497e-08 
912 1607.09 64.9658 23.065 3908.08 1.26257e-08 
913 1594.78 64.5805 23.2438 3909.56 1.26017e-08 
914 1582.54 64.1624 23.4204 3911.04 1.25777e-08 
915 1570.36 63.7118 23.5948 3912.52 1.25538e-08 
916 1558.25 63.2289 23.767 3913.99 1.253e-08 
917 1546.21 62.7141 23.9369 3915.46 1.25062e-08 
918 1534.25 62.1678 24.1045 3916.93 1.24824e-08 
919 1522.36 61.5904 24.2696 3918.4 1.24587e-08 
920 1510.54 60.9821 24.4323 3919.86 1.2435e-08 
921 1498.81 60.3433 24.5924 3921.32 1.24113e-08 
922 1487.16 59.6745 24.75 3922.78 1.23877e-08 
923 1475.6 58.976 24.905 3924.24 1.23642e-08 
924 1464.13 58.2483 25.0573 3925.69 1.23406e-08 
925 1452.74 57.4917 25.2068 3927.14 1.23171e-08 
926 1441.45 56.7066 25.3535 3928.59 1.22937e-08 
927 1430.26 55.8936 25.4974 3930.04 1.22702e-08 
928 1419.17 55.0531 25.6383 3931.48 1.22468e-08 
929 1408.18 54.1855 25.7763 3932.92 1.22235e-08 
930 1397.29 53.2913 25.9112 3934.36 1.22001e-08 
931 1386.52 52.3709 26.043 3935.8 1.21768e-08 
932 1375.85 51.425 26.1716 3937.23 1.21535e-08 
933 1365.29 50.4539 26.297 3938.66 1.21302e-08 
934 1354.86 49.4582 26.4191 3940.09 1.2107e-08 
935 1344.54 48.4385 26.5378 3941.52 1.20838e-08 
936 1334.34 47.3952 26.6531 3942.94 1.20605e-08 
937 1324.27 46.3289 26.765 3944.36 1.20373e-08 
938 1314.33 45.2402 26.8733 3945.78 1.20142e-08 
939 1304.52 44.1297 26.9779 3947.2 1.1991e-08 
940 1294.84 42.9979 27.0789 3948.61 1.19678e-08 
941 1285.3 41.8454 27.1761 3950.02 1.19447e-08 
942 1275.89 40.673 27.2695 3951.43 1.19215e-08 
943 1266.63 39.4811 27.359 3952.84 1.18983e-08 
944 1257.52 38.2704 27.4445 3954.24 1.18752e-08 
945 1248.56 37.0416 27.526 3955.64 1.1852e-08 
946 1239.74 35.7954 27.6034 3957.04 1.18288e-08 
947 1231.09 34.5324 27.6766 3958.44 1.18057e-08 
948 1222.59 33.2533 27.7456 3959.83 1.17825e-08 
949 1214.25 31.9588 27.8103 3961.23 1.17593e-08 
950 1206.07 30.6497 27.8705 3962.62 1.1736e-08 
951 1198.07 29.3265 27.9264 3964 1.17128e-08 
952 1190.23 27.9899 27.9777 3965.39 1.16895e-08 
953 1182.55 26.6401 28.0246 3966.77 1.16662e-08 
954 1175.05 25.2776 28.0671 3968.15 1.1643e-08 
955 1167.71 23.9028 28.1052 3969.52 1.16197e-08 
956 1160.53 22.5162 28.1388 3970.9 1.15963e-08 
957 1153.53 21.1183 28.1681 3972.27 1.1573e-08 
958 1146.68 19.7094 28.1929 3973.64 1.15497e-08 
959 1140 18.29 28.2134 3975 1.15264e-08 
960 1133.49 16.8606 28.2295 3976.37 1.15031e-08 
961 1127.14 15.4217 28.2413 3977.73 1.14797e-08 
962 1120.95 13.9737 28.2487 3979.09 1.14564e-08 
963 1114.93 12.5173 28.2519 3980.45 1.14331e-08 
964 1109.07 11.0527 28.2507 3981.8 1.14098e-08 
965 1103.37 9.58071 28.2453 3983.15 1.13866e-08 
966 1097.84 8.10167 28.2356 3984.5 1.13633e-08 
967 1092.46 6.61616 28.2217 3985.85 1.13401e-08 
968 1087.25 5.12473 28.2036 3987.2 1.13169e-08 
969 1082.2 3.6279 28.1813 3988.54 1.12937e-08 
970 1077.3 2.12626 28.1549 3989.88 1.12706e-08 
971 1072.57 0.620353 28.1243 3991.22 1.12474e-08 
972 1068 -0.889234 28.0896 3992.55 1.12244e-08 
973 1063.58 -2.40192 28.0508 3993.89 1.12013e-08 
974 1059.32 -3.91711 28.008 3995.22 1.11783e-08 
975 1055.22 -5.4342 27.9611 3996.55 1.11553e-08 
976 1051.28 -6.95257 27.9102 3997.87 1.11324e-08 
977 1047.49 -8.47161 27.8553 3999.2 1.11096e-08 
978 1043.86 -9.99069 27.7965 4000.52 1.10868e-08 
979 1040.38 -11.5091 27.7338 4001.84 1.1064e-08 
980 1037.06 -13.0264 27.6672 4003.16 1.10413e-08 
981 1033.89 -14.5416 27.5968 4004.47 1.10187e-08 
982 1030.88 -16.0543 27.5225 4005.78 1.09961e-08 
983 1028.02 -17.5637 27.4445 4007.09 1.09736e-08 
984 1025.31 -19.0692 27.3628 4008.4 1.09512e-08 
985 1022.75 -20.57 27.2773 4009.71 1.09288e-08 
986 1020.34 -22.0654 27.1882 4011.01 1.09066e-08 
987 1018.08 -23.5547 27.0955 4012.31 1.08844e-08 
988 1015.97 -25.0371 26.9992 4013.61 1.08623e-08 
989 1014.01 -26.512 26.8993 4014.91 1.08403e-08 
990 1012.2 -27.9786 26.796 4016.2 1.08183e-08 
991 1010.53 -29.4361 26.6891 4017.5 1.07965e-08 
992 1009.02 -30.8837 26.5789 4018.79 1.07748e-08 
993 1007.64 -32.3206 26.4654 4020.07 1.07531e-08 
994 1006.41 -33.7461 26.3485 4021.36 1.07316e-08 
995 1005.33 -35.1594 26.2283 4022.64 1.07102e-08 
996 1004.39 -36.5596 26.105 4023.93 1.06889e-08 
997 1003.59 -37.9459 25.9784 4025.2 1.06677e-08 
998 1002.93 -39.3175 25.8488 4026.48 1.06466e-08 
999 1002.42 -40.6735 25.716 4027.76 1.06256e-08 
1000 1002.04 -42.013 25.5803 4029.03 1.06048e-08 
1001 1001.8 -43.3353 25.4416 4030.3 1.05841e-08 
1002 1001.7 -44.6401 25.3 4031.57 1.05635e-08 
1003 1001.74 -45.9272 25.1556 4032.83 1.0543e-08 
1004 1001.91 -47.1963 25.0083 4034.1 1.05227e-08 
1005 1002.2 -48.4474 24.8583 4035.36 1.05025e-08 
1006 1002.63 -49.68 24.7056 4036.62 1.04824e-08 
1007 1003.18 -50.8941 24.5502 4037.87 1.04625e-08 
1008 1003.86 -52.0895 24.3922 4039.13 1.04426e-08 
1009 1004.66 -53.2658 24.2316 4040.38 1.04229e-08 
1010 1005.58 -54.423 24.0685 4041.63 1.04033e-08 
1011 1006.61 -55.5608 23.903 4042.88 1.03838e-08 
1012 1007.76 -56.679 23.7351 4044.13 1.03645e-08 
1013 1009.02 -57.7774 23.5649 4045.37 1.03452e-08 
1014 1010.39 -58.8558 23.3923 4046.61 1.03261e-08 
1015 1011.87 -59.9139 23.2176 4047.85 1.0307e-08 
1016 1013.45 -60.9516 23.0407 4049.09 1.02881e-08 
1017 1015.14 -61.9687 22.8618 4050.33 1.02693e-08 
1018 1016.92 -62.9648 22.6808 4051.56 1.02506e-08 
1019 1018.81 -63.9399 22.4978 4052.79 1.0232e-08 
1020 1020.78 -64.8937 22.313 4054.02 1.02135e-08 
1021 1022.85 -65.826 22.1263 4055.25 1.01951e-08 
1022 1025.01 -66.7365 21.9378 4056.48 1.01768e-08 
1023 1027.26 -67.6251 21.7477 4057.7 1.01586e-08 
1024 1029.59 -68.4916 21.5559 4058.92 1.01405e-08 
1025 1032 -69.3356 21.3626 4060.14 1.01224e-08 
1026 1034.5 -70.1571 21.1678 4061.36 1.01045e-08 
1027 1037.07 -70.9557 20.9716 4062.58 1.00867e-08 
1028 1039.71 -71.7313 20.7741 4063.79 1.00689e-08 
1029 1042.42 -72.4837 20.5753 4065 1.00512e-08 
1030 1045.2 -73.2126 20.3754 4066.21 1.00336e-08 
1031 1048.05 -73.9178 20.1743 4067.42 1.00161e-08 
1032 1050.96 -74.5991 19.9723 4068.62 9.99864e-09 
1033 1053.93 -75.2562 19.7693 4069.83 9.98126e-09 
1034 1056.96 -75.889 19.5654 4071.03 9.96396e-09 
1035 1060.04 -76.4972 19.3608 4072.23 9.94672e-09 
1036 1063.17 -77.0807 19.1555 4073.43 9.92954e-09 
1037 1066.35 -77.6391 18.9496 4074.63 9.91242e-09 
1038 1069.57 -78.1722 18.7431 4075.82 9.89536e-09 
1039 1072.84 -78.6799 18.5363 4077.01 9.87836e-09 
1040 1076.15 -79.1619 18.3291 4078.2 9.8614e-09 
1041 1079.49 -79.618 18.1217 4079.39 9.8445e-09 
1042 1082.87 -80.0479 17.9141 4080.58 9.82764e-09 
1043 1086.27 -80.4515 17.7065 4081.76 9.81082e-09 
1044 1089.7 -80.8285 17.499 4082.95 9.79404e-09 
1045 1093.16 -81.1786 17.2915 4084.13 9.77729e-09 
1046 1096.64 -81.5018 17.0844 4085.31 9.76057e-09 
1047 1100.13 -81.7976 16.8775 4086.48 9.74389e-09 
1048 1103.64 -82.0659 16.6711 4087.66 9.72722e-09 
1049 1107.16 -82.3066 16.4652 4088.83 9.71058e-09 
1050 1110.69 -82.5192 16.26 4090 9.69395e-09 
1051 1114.22 -82.7037 16.0556 4091.17 9.67733e-09 
1052 1117.75 -82.8603 15.8519 4092.34 9.66073e-09 
1053 1121.29 -82.9889 15.649 4093.51 9.64414e-09 
1054 1124.82 -83.09 15.447 4094.67 9.62756e-09 
1055 1128.36 -83.1635 15.2459 4095.83 9.611e-09 
1056 1131.88 -83.2098 15.0458 4096.99 9.59446e-09 
1057 1135.41 -83.229 14.8466 4098.15 9.57793e-09 
1058 1138.92 -83.2213 14.6484 4099.31 9.56142e-09 
1059 1142.43 -83.1869 14.4512 4100.46 9.54492e-09 
1060 1145.92 -83.1261 14.2552 4101.62 9.52845e-09 
1061 1149.4 -83.039 14.0602 4102.77 9.51199e-09 
1062 1152.86 -82.926 13.8665 4103.92 9.49556e-09 
1063 1156.31 -82.7872 13.6739 4105.06 9.47914e-09 
1064 1159.74 -82.6228 13.4826 4106.21 9.46275e-09 
1065 1163.15 -82.4332 13.2925 4107.35 9.44638e-09 
1066 1166.54 -82.2186 13.1038 4108.5 9.43003e-09 
1067 1169.9 -81.9791 12.9165 4109.64 9.41371e-09 
1068 1173.24 -81.7152 12.7305 4110.77 9.3974e-09 
1069 1176.55 -81.4271 12.546 4111.91 9.38113e-09 
1070 1179.83 -81.115 12.363 4113.04 9.36488e-09 
1071 1183.07 -80.7793 12.1815 4114.18 9.34865e-09 
1072 1186.28 -80.4201 12.0016 4115.31 9.33245e-09 
1073 1189.46 -80.0379 11.8233 4116.44 9.31628e-09 
1074 1192.6 -79.633 11.6467 4117.56 9.30014e-09 
1075 1195.7 -79.2056 11.4718 4118.69 9.28403e-09 
1076 1198.75 -78.756 11.2986 4119.81 9.26794e-09 
1077 1201.77 -78.2847 11.1272 4120.94 9.25189e-09 
1078 1204.73 -77.7919 10.9577 4122.06 9.23586e-09 
1079 1207.65 -77.2779 10.79 4123.17 9.21987e-09 
1080 1210.52 -76.7431 10.6243 4124.29 9.20391e-09 
1081 1213.33 -76.188 10.4606 4125.4 9.18798e-09 
1082 1216.1 -75.6127 10.2989 4126.52 9.17209e-09 
1083 1218.8 -75.0178 10.1393 4127.63 9.15622e-09 
1084 1221.45 -74.4035 9.98174 4128.74 9.1404e-09 
1085 1224.03 -73.7703 9.8264 4129.84 9.1246e-09 
1086 1226.56 -73.1185 9.67328 4130.95 9.10884e-09 
1087 1229.01 -72.4485 9.52243 4132.05 9.09312e-09 
1088 1231.4 -71.7608 9.37389 4133.15 9.07744e-09 
1089 1233.73 -71.0558 9.22773 4134.25 9.06179e-09 
1090 1235.98 -70.3339 9.08398 4135.35 9.04618e-09 
1091 1238.15 -69.5954 8.94271 4136.45 9.0306e-09 
1092 1240.25 -68.841 8.80395 4137.54 9.01507e-09 
1093 1242.27 -68.0709 8.66777 4138.63 8.99957e-09 
1094 1244.21 -67.2856 8.53421 4139.73 8.98412e-09 
1095 1246.07 -66.4857 8.40334 4140.81 8.9687e-09 
1096 1247.84 -65.6715 8.27519 4141.9 8.95333e-09 
1097 1249.53 -64.8435 8.14983 4142.98 8.93799e-09 
1098 1251.12 -64.0023 8.02731 4144.07 8.9227e-09 
1099 1252.63 -63.1483 7.90768 4145.15 8.90745e-09 
1100 1254.04 -62.282 7.791 4146.23 8.89224e-09 
1101 1255.35 -61.4039 7.67732 4147.3 8.87708e-09 
1102 1256.57 -60.5144 7.56664 4148.38 8.86195e-09 
1103 1257.69 -59.6138 7.45895 4149.45 8.84687e-09 
1104 1258.71 -58.7024 7.35426 4150.52 8.83184e-09 
1105 1259.64 -57.7806 7.25255 4151.59 8.81685e-09 
1106 1260.47 -56.8488 7.15382 4152.66 8.8019e-09 
1107 1261.2 -55.9072 7.05806 4153.73 8.78699e-09 
1108 1261.84 -54.9564 6.96528 4154.79 8.77212e-09 
1109 1262.39 -53.9967 6.87545 4155.85 8.7573e-09 
1110 1262.84 -53.0284 6.78858 4156.91 8.74253e-09 
1111 1263.19 -52.0519 6.70466 4157.97 8.72779e-09 
1112 1263.45 -51.0677 6.62367 4159.03 8.7131e-09 
1113 1263.62 -50.0761 6.54561 4160.08 8.69845e-09 
1114 1263.69 -49.0775 6.47048 4161.14 8.68384e-09 
1115 1263.67 -48.0724 6.39825 4162.19 8.66927e-09 
1116 1263.55 -47.0611 6.32893 4163.24 8.65475e-09 
1117 1263.34 -46.0442 6.26249 4164.29 8.64027e-09 
1118 1263.04 -45.0219 6.19894 4165.33 8.62583e-09 
1119 1262.64 -43.9949 6.13825 4166.38 8.61143e-09 
1120 1262.15 -42.9634 6.08042 4167.42 8.59707e-09 
1121 1261.57 -41.928 6.02543 4168.46 8.58275e-09 
1122 1260.9 -40.8891 5.97328 4169.5 8.56848e-09 
1123 1260.13 -39.8472 5.92394 4170.54 8.55424e-09 
1124 1259.27 -38.8027 5.87741 4171.57 8.54005e-09 
1125 1258.33 -37.7561 5.83367 4172.61 8.52589e-09 
1126 1257.29 -36.708 5.79271 4173.64 8.51177e-09 
1127 1256.15 -35.6587 5.7545 4174.67 8.4977e-09 
1128 1254.93 -34.6089 5.71904 4175.7 8.48366e-09 
1129 1253.62 -33.5589 5.68631 4176.73 8.46966e-09 
1130 1252.22 -32.5094 5.6563 4177.75 8.45569e-09 
1131 1250.73 -31.4607 5.62897 4178.78 8.44177e-09 
1132 1249.15 -30.4135 5.60433 4179.8 8.42788e-09 
1133 1247.48 -29.3683 5.58234 4180.82 8.41403e-09 
1134 1245.72 -28.3256 5.563 4181.84 8.40021e-09 
1135 1243.88 -27.286 5.54627 4182.86 8.38643e-09 
1136 1241.94 -26.25 5.53215 4183.87 8.37269e-09 
1137 1239.92 -25.2181 5.52061 4184.89 8.35897e-09 
1138 1237.81 -24.191 5.51163 4185.9 8.3453e-09 
1139 1235.61 -23.1692 5.50519 4186.91 8.33165e-09 
1140 1233.33 -22.1533 5.50126 4187.92 8.31804e-09 
1141 1230.96 -21.1439 5.49984 4188.93 8.30446e-09 
1142 1228.5 -20.1416 5.50088 4189.94 8.29091e-09 
1143 1225.96 -19.1469 5.50437 4190.94 8.2774e-09 
1144 1223.33 -18.1605 5.51028 4191.95 8.26391e-09 
1145 1220.62 -17.1831 5.5186 4192.95 8.25045e-09 
1146 1217.82 -16.2152 5.52929 4193.95 8.23702e-09 
1147 1214.94 -15.2574 5.54232 4194.95 8.22362e-09 
1148 1211.98 -14.3104 5.55768 4195.94 8.21024e-09 
1149 1208.93 -13.375 5.57533 4196.94 8.19689e-09 
1150 1205.8 -12.4516 5.59526 4197.93 8.18357e-09 
1151 1202.58 -11.5409 5.61742 4198.93 8.17027e-09 
1152 1199.29 -10.6431 5.64178 4199.92 8.157e-09 
1153 1195.92 -9.75848 5.66833 4200.91 8.14375e-09 
1154 1192.46 -8.88708 5.69702 4201.9 8.13052e-09 
1155 1188.93 -8.02909 5.72782 4202.88 8.11732e-09 
1156 1185.33 -7.18467 5.7607 4203.87 8.10415e-09 
1157 1181.65 -6.354 5.79562 4204.85 8.091e-09 
1158 1177.9 -5.53722 5.83255 4205.83 8.07788e-09 
1159 1174.08 -4.73451 5.87146 4206.81 8.06478e-09 
1160 1170.2 -3.94602 5.91231 4207.79 8.05171e-09 
1161 1166.24 -3.17193 5.95505 4208.77 8.03867e-09 
1162 1162.22 -2.41239 5.99967 4209.75 8.02565e-09 
1163 1158.14 -1.66758 6.0461 4210.72 8.01266e-09 
1164 1153.99 -0.937656 6.09433 4211.69 7.9997e-09 
1165 1149.79 -0.222795 6.1443 4212.67 7.98676e-09 
1166 1145.52 0.476839 6.19598 4213.64 7.97384e-09 
1167 1141.2 1.16108 6.24932 4214.6 7.96096e-09 
1168 1136.83 1.82974 6.3043 4215.57 7.9481e-09 
1169 1132.4 2.48267 6.36085 4216.54 7.93527e-09 
1170 1127.92 3.11969 6.41895 4217.5 7.92246e-09 
1171 1123.39 3.74063 6.47854 4218.46 7.90969e-09 
1172 1118.81 4.34531 6.53958 4219.43 7.89693e-09 
1173 1114.18 4.93356 6.60203 4220.39 7.88421e-09 
1174 1109.51 5.50521 6.66585 4221.34 7.87151e-09 
1175 1104.8 6.06008 6.73097 4222.3 7.85884e-09 
1176 1100.05 6.59798 6.79737 4223.26 7.8462e-09 
1177 1095.25 7.11876 6.86498 4224.21 7.83358e-09 
1178 1090.42 7.62222 6.93377 4225.16 7.82099e-09 
1179 1085.56 8.1082 7.00368 4226.12 7.80843e-09 
1180 1080.66 8.5765 7.07466 4227.06 7.79589e-09 
1181 1075.73 9.02695 7.14665 4228.01 7.78338e-09 
1182 1070.77 9.45937 7.21962 4228.96 7.77089e-09 
1183 1065.79 9.87358 7.2935 4229.91 7.75844e-09 
1184 1060.77 10.2694 7.36825 4230.85 7.74601e-09 
1185 1055.74 10.6466 7.4438 4231.79 7.7336e-09 
1186 1050.68 11.0051 7.52011 4232.73 7.72122e-09 
1187 1045.6 11.3446 7.59711 4233.67 7.70887e-09 
1188 1040.51 11.665 7.67476 4234.61 7.69654e-09 
1189 1035.39 11.9661 7.75298 4235.55 7.68424e-09 
1190 1030.27 12.2476 7.83174 4236.48 7.67197e-09 
1191 1025.13 12.5095 7.91096 4237.42 7.65972e-09 
1192 1019.98 12.7515 7.99059 4238.35 7.64749e-09 
1193 1014.83 12.9734 8.07056 4239.28 7.63529e-09 
1194 1009.67 13.1751 8.15082 4240.21 7.62312e-09 
1195 1004.51 13.3562 8.23131 4241.14 7.61097e-09 
1196 999.34 13.5168 8.31195 4242.06 7.59884e-09 
1197 994.175 13.6565 8.39269 4242.99 7.58674e-09 
1198 989.013 13.7751 8.47346 4243.91 7.57466e-09 
1199 983.856 13.8726 8.55419 4244.83 7.56261e-09 
1200 978.706 13.9486 8.63483 4245.75 7.55058e-09 
1201 973.565 14.003 8.7153 4246.67 7.53857e-09 
1202 968.435 14.036 8.79558 4247.59 7.52658e-09 
1203 963.316 14.0477 8.87565 4248.51 7.51462e-09 
1204 958.21 14.0382 8.95547 4249.42 7.50268e-09 
1205 953.118 14.0077 9.03502 4250.33 7.49077e-09 
1206 948.042 13.9564 9.11429 4251.25 7.47888e-09 
1207 942.982 13.8845 9.19323 4252.16 7.46701e-09 
1208 937.939 13.792 9.27183 4253.06 7.45517e-09 
1209 932.916 13.6793 9.35006 4253.97 7.44335e-09 
1210 927.913 13.5464 9.42789 4254.88 7.43155e-09 
1211 922.932 13.3936 9.50529 4255.78 7.41978e-09 
1212 917.973 13.2211 9.58225 4256.68 7.40803e-09 
1213 913.038 13.029 9.65872 4257.59 7.3963e-09 
1214 908.129 12.8176 9.73469 4258.49 7.3846e-09 
1215 903.246 12.587 9.81012 4259.38 7.37292e-09 
1216 898.392 12.3375 9.88498 4260.28 7.36127e-09 
1217 893.566 12.0693 9.95925 4261.18 7.34964e-09 
1218 888.772 11.7825 10.0329 4262.07 7.33804e-09 
1219 884.009 11.4775 10.1059 4262.96 7.32646e-09 
1220 879.279 11.1544 10.1782 4263.86 7.3149e-09 
1221 874.584 10.8134 10.2498 4264.75 7.30336e-09 
1222 869.925 10.4549 10.3207 4265.63 7.29186e-09 
1223 865.303 10.079 10.3908 4266.52 7.28037e-09 
1224 860.72 9.68594 10.4601 4267.41 7.26891e-09 
1225 856.176 9.27603 10.5285 4268.29 7.25747e-09 
1226 851.675 8.84949 10.5961 4269.17 7.24605e-09 
1227 847.215 8.40658 10.6628 4270.06 7.23466e-09 
1228 842.8 7.94756 10.7285 4270.94 7.2233e-09 
1229 838.431 7.47269 10.7933 4271.82 7.21195e-09 
1230 834.109 6.98225 10.8571 4272.69 7.20063e-09 
1231 829.835 6.4765 10.9198 4273.57 7.18933e-09 
1232 825.61 5.95572 10.9815 4274.44 7.17806e-09 
1233 821.437 5.4202 11.0421 4275.32 7.1668e-09 
1234 817.317 4.87023 11.1015 4276.19 7.15557e-09 
1235 813.251 4.3061 11.1598 4277.06 7.14437e-09 
1236 809.24 3.72811 11.2169 4277.93 7.13318e-09 
1237 805.287 3.13655 11.2727 4278.8 7.12202e-09 
1238 801.392 2.53174 11.3273 4279.66 7.11088e-09 
1239 797.556 1.91398 11.3805 4280.53 7.09976e-09 
1240 793.783 1.2836 11.4324 4281.39 7.08867e-09 
1241 790.072 0.640918 11.483 4282.25 7.07759e-09 
1242 786.426 -0.0137421 11.532 4283.11 7.06654e-09 
1243 782.846 -0.680046 11.5797 4283.97 7.0555e-09 
1244 779.333 -1.35766 11.6258 4284.83 7.04449e-09 
1245 775.89 -2.04623 11.6704 4285.69 7.0335e-09 
1246 772.516 -2.74543 11.7134 4286.54 7.02253e-09 
1247 769.215 -3.45489 11.7548 4287.39 7.01158e-09 
1248 765.988 -4.17426 11.7946 4288.25 7.00065e-09 
1249 762.836 -4.90318 11.8326 4289.1 6.98973e-09 
1250 759.761 -5.64127 11.8689 4289.95 6.97884e-09 
1251 756.763 -6.38818 11.9035 4290.79 6.96797e-09 
1252 753.844 -7.14362 11.9362 4291.64 6.95711e-09 
1253 751.003 -7.9073 11.9672 4292.49 6.94628e-09 
1254 748.24 -8.67893 11.9964 4293.33 6.93546e-09 
1255 745.554 -9.45823 12.0239 4294.17 6.92466e-09 
1256 742.945 -10.2449 12.0496 4295.01 6.91388e-09 
1257 740.414 -11.0386 12.0735 4295.85 6.90313e-09 
1258 737.959 -11.8391 12.0957 4296.69 6.89239e-09 
1259 735.581 -12.646 12.1161 4297.53 6.88167e-09 
1260 733.28 -13.4591 12.1348 4298.36 6.87097e-09 
1261 731.054 -14.278 12.1518 4299.2 6.86029e-09 
1262 728.905 -15.1023 12.1669 4300.03 6.84963e-09 
1263 726.832 -15.9319 12.1804 4300.86 6.83899e-09 
1264 724.833 -16.7663 12.1921 4301.69 6.82837e-09 
1265 722.91 -17.6052 12.2021 4302.52 6.81777e-09 
1266 721.063 -18.4483 12.2104 4303.35 6.80719e-09 
1267 719.289 -19.2951 12.2169 4304.18 6.79662e-09 
1268 717.591 -20.1455 12.2217 4305 6.78608e-09 
1269 715.966 -20.999 12.2249 4305.82 6.77556e-09 
1270 714.416 -21.8552 12.2263 4306.65 6.76506e-09 
1271 712.939 -22.7139 12.226 4307.47 6.75458e-09 
1272 711.535 -23.5746 12.2241 4308.29 6.74412e-09 
1273 710.205 -24.4369 12.2204 4309.11 6.73369e-09 
1274 708.948 -25.3006 12.2151 4309.92 6.72327e-09 
1275 707.763 -26.1651 12.2081 4310.74 6.71287e-09 
1276 706.651 -27.0302 12.1994 4311.55 6.70249e-09 
1277 705.61 -27.8954 12.1891 4312.37 6.69213e-09 
1278 704.642 -28.7604 12.1771 4313.18 6.68179e-09 
1279 703.745 -29.6247 12.1635 4313.99 6.67147e-09 
1280 702.919 -30.4879 12.1482 4314.8 6.66117e-09 
1281 702.163 -31.3497 12.1313 4315.61 6.65089e-09 
1282 701.479 -32.2095 12.1128 4316.42 6.64063e-09 
1283 700.865 -33.0671 12.0927 4317.22 6.63039e-09 
1284 700.32 -33.922 12.071 4318.03 6.62017e-09 
1285 699.845 -34.7737 12.0477 4318.83 6.60997e-09 
1286 699.44 -35.6218 12.0228 4319.64 6.59979e-09 
1287 699.103 -36.4659 11.9963 4320.44 6.58963e-09 
1288 698.836 -37.3055 11.9682 4321.24 6.57949e-09 
1289 698.636 -38.1402 11.9386 4322.04 6.56937e-09 
1290 698.505 -38.9695 11.9075 4322.83 6.55926e-09 
1291 698.441 -39.793 11.8748 4323.63 6.54918e-09 
1292 698.444 -40.6102 11.8405 4324.43 6.53911e-09 
1293 698.515 -41.4207 11.8048 4325.22 6.52906e-09 
1294 698.652 -42.2239 11.7675 4326.01 6.51904e-09 
1295 698.856 -43.0194 11.7288 4326.81 6.50903e-09 
1296 699.125 -43.8067 11.6885 4327.6 6.49904e-09 
1297 699.46 -44.5853 11.6468 4328.39 6.48906e-09 
1298 699.86 -45.3548 11.6037 4329.18 6.47911e-09 
1299 700.325 -46.1145 11.559 4329.96 6.46917e-09 
1300 700.855 -46.8641 11.513 4330.75 6.45925e-09 
1301 701.448 -47.603 11.4655 4331.54 6.44935e-09 
1302 702.105 -48.3311 11.4166 4332.32 6.43946e-09 
1303 702.823 -49.0483 11.3663 4333.1 6.42959e-09 
1304 703.602 -49.7543 11.3146 4333.88 6.41974e-09 
1305 704.44 -50.4492 11.2617 4334.66 6.40991e-09 
1306 705.336 -51.1326 11.2074 4335.44 6.4001e-09 
1307 706.289 -51.8046 11.1517 4336.22 6.3903e-09 
1308 707.298 -52.465 11.0949 4337 6.38052e-09 
1309 708.361 -53.1136 11.0367 4337.78 6.37076e-09 
1310 709.477 -53.7503 10.9774 4338.55 6.36102e-09 
1311 710.645 -54.3749 10.9168 4339.32 6.3513e-09 
1312 711.864 -54.9874 10.8551 4340.1 6.34159e-09 
1313 713.131 -55.5875 10.7922 4340.87 6.3319e-09 
1314 714.447 -56.1753 10.7282 4341.64 6.32223e-09 
1315 715.81 -56.7504 10.663 4342.41 6.31258e-09 
1316 717.218 -57.3127 10.5968 4343.18 6.30295e-09 
1317 718.67 -57.8623 10.5296 4343.94 6.29333e-09 
1318 720.165 -58.3987 10.4613 4344.71 6.28374e-09 
1319 721.701 -58.9221 10.392 4345.47 6.27416e-09 
1320 723.277 -59.4321 10.3218 4346.24 6.2646e-09 
1321 724.892 -59.9286 10.2506 4347 6.25505e-09 
1322 726.544 -60.4116 10.1785 4347.76 6.24553e-09 
1323 728.232 -60.8809 10.1055 4348.52 6.23602e-09 
1324 729.955 -61.3362 10.0316 4349.28 6.22654e-09 
1325 731.711 -61.7775 9.95694 4350.04 6.21707e-09 
1326 733.498 -62.2046 9.88146 4350.79 6.20762e-09 
1327 735.316 -62.6174 9.80521 4351.55 6.19818e-09 
1328 737.163 -63.0157 9.72823 4352.3 6.18877e-09 
1329 739.038 -63.3994 9.65053 4353.05 6.17937e-09 
1330 740.939 -63.7683 9.57217 4353.81 6.16999e-09 
1331 742.864 -64.1223 9.49315 4354.56 6.16063e-09 
1332 744.812 -64.4611 9.41353 4355.31 6.15129e-09 
1333 746.783 -64.7848 9.33332 4356.05 6.14197e-09 
1334 748.773 -65.093 9.25257 4356.8 6.13266e-09 
1335 750.782 -65.3857 9.17131 4357.55 6.12337e-09 
1336 752.809 -65.6627 9.08956 4358.29 6.1141e-09 
1337 754.851 -65.9238 9.00737 4359.03 6.10484e-09 
1338 756.907 -66.1688 8.92477 4359.78 6.09561e-09 
1339 758.976 -66.3978 8.8418 4360.52 6.08639e-09 
1340 761.057 -66.6103 8.75848 4361.26 6.07719e-09 
1341 763.147 -66.8064 8.67486 4362 6.068e-09 
1342 765.245 -66.9858 8.59097 4362.73 6.05883e-09 
1343 767.35 -67.1484 8.50684 4363.47 6.04968e-09 
1344 769.459 -67.294 8.42253 4364.2 6.04055e-09 
1345 771.573 -67.4224 8.33806 4364.94 6.03143e-09 
1346 773.687 -67.5336 8.25346 4365.67 6.02233e-09 
1347 775.803 -67.6273 8.16879 4366.4 6.01324e-09 
1348 777.916 -67.7033 8.08408 4367.13 6.00417e-09 
1349 780.027 -67.7615 7.99936 4367.86 5.99512e-09 
1350 782.134 -67.8018 7.91469 4368.59 5.98608e-09 
1351 784.234 -67.824 7.83008 4369.31 5.97706e-09 
1352 786.327 -67.8281 7.74558 4370.04 5.96805e-09 
1353 788.411 -67.8144 7.66118 4370.76 5.95906e-09 
1354 790.487 -67.7829 7.57692 4371.48 5.95009e-09 
1355 792.552 -67.7337 7.49281 4372.2 5.94113e-09 
1356 794.607 -67.667 7.40886 4372.92 5.93219e-09 
1357 796.649 -67.583 7.3251 4373.64 5.92326e-09 
1358 798.678 -67.4818 7.24154 4374.36 5.91435e-09 
1359 800.693 -67.3634 7.1582 4375.07 5.90546e-09 
1360 802.693 -67.2281 7.0751 4375.79 5.89658e-09 
1361 804.677 -67.076 6.99227 4376.5 5.88772e-09 
1362 806.644 -66.9072 6.90971 4377.21 5.87887e-09 
1363 808.592 -66.7219 6.82745 4377.93 5.87004e-09 
1364 810.522 -66.5203 6.74551 4378.64 5.86123e-09 
1365 812.431 -66.3025 6.66391 4379.34 5.85243e-09 
1366 814.319 -66.0686 6.58266 4380.05 5.84365e-09 
1367 816.185 -65.8189 6.50179 4380.76 5.83489e-09 
1368 818.027 -65.5534 6.42132 4381.46 5.82614e-09 
1369 819.845 -65.2724 6.34127 4382.17 5.8174e-09 
1370 821.638 -64.9761 6.26166 4382.87 5.80869e-09 
1371 823.404 -64.6645 6.18251 4383.57 5.79999e-09 
1372 825.142 -64.3379 6.10384 4384.27 5.7913e-09 
1373 826.852 -63.9965 6.02568 4384.97 5.78263e-09 
1374 828.532 -63.6405 5.94804 4385.67 5.77398e-09 
1375 830.181 -63.27 5.87094 4386.37 5.76535e-09 
1376 831.798 -62.8851 5.79442 4387.07 5.75673e-09 
1377 833.383 -62.4862 5.71848 4387.76 5.74812e-09 
1378 834.933 -62.0735 5.64316 4388.45 5.73953e-09 
1379 836.447 -61.647 5.56847 4389.15 5.73096e-09 
1380 837.926 -61.207 5.49444 4389.84 5.72241e-09 
1381 839.367 -60.7537 5.42109 4390.53 5.71387e-09 
1382 840.769 -60.2874 5.34845 4391.22 5.70534e-09 
1383 842.131 -59.8082 5.27653 4391.91 5.69683e-09 
1384 843.453 -59.3163 5.20537 4392.6 5.68834e-09 
1385 844.732 -58.812 5.13498 4393.28 5.67986e-09 
1386 845.968 -58.2955 5.06539 4393.97 5.6714e-09 
1387 847.16 -57.7669 4.99662 4394.65 5.66295e-09 
1388 848.307 -57.2266 4.9287 4395.34 5.65452e-09 
1389 849.406 -56.6748 4.86166 4396.02 5.6461e-09 
1390 850.458 -56.1117 4.79551 4396.7 5.6377e-09 
1391 851.46 -55.5375 4.73028 4397.38 5.62932e-09 
1392 852.413 -54.9524 4.66601 4398.06 5.62094e-09 
1393 853.314 -54.3568 4.6027 4398.74 5.61259e-09 
1394 854.162 -53.7508 4.5404 4399.41 5.60425e-09 
1395 854.956 -53.1348 4.47912 4400.09 5.59592e-09 
1396 855.695 -52.5089 4.41889 4400.76 5.5876e-09 
1397 856.378 -51.8734 4.35975 4401.44 5.5793e-09 
1398 857.004 -51.2286 4.3017 4402.11 5.57102e-09 
1399 857.57 -50.5748 4.24479 4402.78 5.56275e-09 
1400 858.077 -49.9121 4.18904 4403.45 5.55449e-09 
1401 858.523 -49.2409 4.13447 4404.12 5.54625e-09 
1402 858.907 -48.5615 4.08109 4404.79 5.53802e-09 
1403 859.231 -47.874 4.02889 4405.46 5.5298e-09 
1404 859.493 -47.1787 3.97787 4406.13 5.5216e-09 
1405 859.695 -46.4758 3.92805 4406.8 5.51341e-09 
1406 859.836 -45.7656 3.8794 4407.46 5.50524e-09 
1407 859.917 -45.0483 3.83194 4408.12 5.49708e-09 
1408 859.937 -44.3242 3.78565 4408.79 5.48893e-09 
1409 859.897 -43.5936 3.74055 4409.45 5.4808e-09 
1410 859.797 -42.8566 3.69663 4410.11 5.47268e-09 
1411 859.637 -42.1136 3.65388 4410.77 5.46457e-09 
1412 859.416 -41.3648 3.61232 4411.43 5.45648e-09 
1413 859.136 -40.6105 3.57192 4412.09 5.4484e-09 
1414 858.797 -39.851 3.5327 4412.75 5.44034e-09 
1415 858.398 -39.0865 3.49465 4413.4 5.43229e-09 
1416 857.939 -38.3173 3.45778 4414.06 5.42426e-09 
1417 857.421 -37.5437 3.42207 4414.71 5.41624e-09 
1418 856.844 -36.766 3.38752 4415.37 5.40823e-09 
1419 856.208 -35.9845 3.35414 4416.02 5.40024e-09 
1420 855.514 -35.1994 3.32193 4416.67 5.39226e-09 
1421 854.76 -34.411 3.29087 4417.32 5.38429e-09 
1422 853.948 -33.6198 3.26097 4417.97 5.37634e-09 
1423 853.078 -32.8258 3.23222 4418.62 5.3684e-09 
1424 852.15 -32.0296 3.20463 4419.27 5.36048e-09 
1425 851.163 -31.2312 3.17819 4419.91 5.35257e-09 
1426 850.119 -30.4312 3.15289 4420.56 5.34467e-09 
1427 849.016 -29.6298 3.12874 4421.2 5.33679e-09 
1428 847.856 -28.8272 3.10573 4421.85 5.32892e-09 
1429 846.639 -28.0239 3.08385 4422.49 5.32106e-09 
1430 845.364 -27.2202 3.06311 4423.13 5.31322e-09 
1431 844.033 -26.4164 3.04351 4423.77 5.30539e-09 
1432 842.644 -25.6127 3.02503 4424.41 5.29758e-09 
1433 841.199 -24.8097 3.00767 4425.05 5.28978e-09 
1434 839.697 -24.0075 2.99144 4425.69 5.28199e-09 
1435 838.138 -23.2066 2.97633 4426.32 5.27421e-09 
1436 836.523 -22.4072 2.96232 4426.96 5.26645e-09 
1437 834.852 -21.6098 2.94943 4427.59 5.2587e-09 
1438 833.125 -20.8147 2.93764 4428.23 5.25097e-09 
1439 831.343 -20.0223 2.92696 4428.86 5.24324e-09 
1440 829.505 -19.2328 2.91737 4429.49 5.23553e-09 
1441 827.611 -18.4468 2.90887 4430.12 5.22784e-09 
1442 825.662 -17.6645 2.90146 4430.75 5.22015e-09 
1443 823.659 -16.8863 2.89514 4431.38 5.21248e-09 
1444 821.6 -16.1126 2.88989 4432.01 5.20482e-09 
1445 819.487 -15.3438 2.88572 4432.63 5.19717e-09 
1446 817.319 -14.5803 2.88262 4433.26 5.18954e-09 
1447 815.097 -13.8224 2.88058 4433.88 5.18191e-09 
1448 812.822 -13.0706 2.87959 4434.51 5.1743e-09 
1449 810.492 -12.3253 2.87967 4435.13 5.1667e-09 
1450 808.108 -11.5867 2.88079 4435.75 5.15911e-09 
1451 805.671 -10.8554 2.88295 4436.37 5.15154e-09 
1452 803.182 -10.1315 2.88614 4436.99 5.14397e-09 
1453 800.641 -9.41502 2.89034 4437.61 5.13642e-09 
1454 798.049 -8.70616 2.89555 4438.23 5.12888e-09 
1455 795.408 -8.00503 2.90174 4438.84 5.12135e-09 
1456 792.717 -7.31175 2.9089 4439.46 5.11383e-09 
1457 789.979 -6.62644 2.91703 4440.07 5.10632e-09 
1458 787.193 -5.94922 2.92609 4440.69 5.09883e-09 
1459 784.361 -5.28022 2.93609 4441.3 5.09135e-09 
1460 781.484 -4.61955 2.94699 4441.91 5.08388e-09 
1461 778.563 -3.96735 2.9588 4442.52 5.07642e-09 
1462 775.598 -3.32374 2.97149 4443.13 5.06897e-09 
1463 772.591 -2.68884 2.98504 4443.74 5.06153e-09 
1464 769.543 -2.06279 2.99945 4444.35 5.05411e-09 
1465 766.454 -1.44571 3.01469 4444.95 5.0467e-09 
1466 763.325 -0.837725 3.03074 4445.56 5.0393e-09 
1467 760.158 -0.238972 3.0476 4446.16 5.03191e-09 
1468 756.954 0.35042 3.06524 4446.76 5.02453e-09 
1469 753.713 0.930321 3.08365 4447.37 5.01717e-09 
1470 750.437 1.5006 3.10281 4447.97 5.00981e-09 
1471 747.126 2.06112 3.1227 4448.57 5.00247e-09 
1472 743.781 2.61175 3.1433 4449.17 4.99514e-09 
1473 740.405 3.15236 3.1646 4449.77 4.98782e-09 
1474 736.996 3.68281 3.18658 4450.36 4.98052e-09 
1475 733.557 4.20296 3.20921 4450.96 4.97322e-09 
1476 730.089 4.71268 3.23249 4451.56 4.96594e-09 
1477 726.592 5.21182 3.25638 4452.15 4.95867e-09 
1478 723.068 5.70026 3.28088 4452.74 4.95141e-09 
1479 719.518 6.17785 3.30596 4453.34 4.94416e-09 
1480 715.943 6.64445 3.3316 4453.93 4.93692e-09 
1481 712.343 7.09992 3.35779 4454.52 4.92969e-09 
1482 708.72 7.54411 3.38449 4455.11 4.92248e-09 
1483 705.075 7.97689 3.4117 4455.7 4.91528e-09 
1484 701.41 8.39811 3.43939 4456.28 4.90808e-09 
1485 697.724 8.80763 3.46754 4456.87 4.9009e-09 
1486 694.02 9.20529 3.49613 4457.45 4.89373e-09 
1487 690.298 9.59096 3.52513 4458.04 4.88658e-09 
1488 686.559 9.96449 3.55453 4458.62 4.87943e-09 
1489 682.805 10.3257 3.58431 4459.21 4.87229e-09 
1490 679.037 10.6745 3.61443 4459.79 4.86517e-09 
1491 675.255 11.0107 3.64489 4460.37 4.85805e-09 
1492 671.461 11.3342 3.67564 4460.95 4.85095e-09 
1493 667.657 11.6447 3.70669 4461.53 4.84385e-09 
1494 663.842 11.9423 3.73799 4462.1 4.83677e-09 
1495 660.019 12.2266 3.76953 4462.68 4.8297e-09 
1496 656.189 12.4975 3.80128 4463.26 4.82264e-09 
1497 652.352 12.755 3.83321 4463.83 4.81559e-09 
1498 648.51 12.9988 3.86532 4464.4 4.80854e-09 
1499 644.663 13.2288 3.89756 4464.98 4.80151e-09 
1500 640.814 13.4447 3.92991 4465.55 4.79449e-09 
1501 636.964 13.6466 3.96236 4466.12 4.78748e-09 
1502 633.112 13.8345 3.99488 4466.69 4.78048e-09 
1503 629.26 14.0083 4.02747 4467.26 4.77349e-09 
1504 625.41 14.1682 4.06011 4467.83 4.7665e-09 
1505 621.56 14.3144 4.09279 4468.39 4.75953e-09 
1506 617.713 14.4468 4.1255 4468.96 4.75257e-09 
1507 613.869 14.5655 4.15822 4469.52 4.74562e-09 
1508 610.028 14.6707 4.19095 4470.09 4.73868e-09 
1509 606.193 14.7624 4.22366 4470.65 4.73175e-09 
1510 602.363 14.8408 4.25635 4471.21 4.72482e-09 
1511 598.539 14.9059 4.28899 4471.77 4.71791e-09 
1512 594.722 14.9577 4.32159 4472.33 4.71101e-09 
1513 590.914 14.9965 4.35412 4472.89 4.70412e-09 
1514 587.114 15.0223 4.38657 4473.45 4.69724e-09 
1515 583.323 15.0352 4.41893 4474.01 4.69037e-09 
1516 579.543 15.0353 4.45118 4474.56 4.6835e-09 
1517 575.774 15.0228 4.48331 4475.12 4.67665e-09 
1518 572.018 14.9976 4.51531 4475.67 4.66981e-09 
1519 568.274 14.96 4.54715 4476.23 4.66298e-09 
1520 564.544 14.91 4.57883 4476.78 4.65616e-09 
1521 560.829 14.8477 4.61033 4477.33 4.64935e-09 
1522 557.129 14.7733 4.64163 4477.88 4.64255e-09 
1523 553.446 14.6869 4.67273 4478.43 4.63576e-09 
1524 549.78 14.5886 4.7036 4478.98 4.62898e-09 
1525 546.132 14.4784 4.73423 4479.53 4.62221e-09 
1526 542.503 14.3566 4.7646 4480.08 4.61544e-09 
1527 538.894 14.2233 4.7947 4480.63 4.60869e-09 
1528 535.305 14.0785 4.82452 4481.17 4.60195e-09 
1529 531.739 13.9224 4.85403 4481.72 4.59522e-09 
1530 528.195 13.7551 4.88323 4482.26 4.5885e-09 
1531 524.674 13.5768 4.91209 4482.8 4.58179e-09 
1532 521.177 13.3876 4.94059 4483.34 4.57509e-09 
1533 517.706 13.1875 4.96873 4483.89 4.5684e-09 
1534 514.261 12.9769 4.99649 4484.43 4.56171e-09 
1535 510.843 12.7557 5.02384 4484.97 4.55504e-09 
1536 507.453 12.5241 5.05077 4485.51 4.54838e-09 
1537 504.092 12.2823 5.07727 4486.04 4.54173e-09 
1538 500.76 12.0305 5.10332 4486.58 4.53508e-09 
1539 497.459 11.7686 5.12889 4487.12 4.52845e-09 
1540 494.19 11.497 5.15398 4487.65 4.52182e-09 
1541 490.954 11.2157 5.17856 4488.19 4.51521e-09 
1542 487.751 10.925 5.20262 4488.72 4.5086e-09 
1543 484.583 10.6248 5.22614 4489.25 4.50201e-09 
1544 481.45 10.3155 5.24909 4489.79 4.49542e-09 
1545 478.354 9.99718 5.27147 4490.32 4.48884e-09 
1546 475.295 9.66995 5.29325 4490.85 4.48227e-09 
1547 472.274 9.33401 5.31441 4491.38 4.47571e-09 
1548 469.293 8.98951 5.33494 4491.91 4.46916e-09 
1549 466.351 8.63662 5.35482 4492.43 4.46261e-09 
1550 463.452 8.27551 5.37403 4492.96 4.45608e-09 
1551 460.594 7.90635 5.39254 4493.49 4.44955e-09 
1552 457.778 7.52931 5.41036 4494.01 4.44304e-09 
1553 455.005 7.14458 5.42749 4494.54 4.43653e-09 
1554 452.274 6.75234 5.44393 4495.06 4.43003e-09 
1555 449.586 6.35278 5.45967 4495.59 4.42354e-09 
1556 446.939 5.94607 5.47472 4496.11 4.41706e-09 
1557 444.336 5.53242 5.48907 4496.63 4.41058e-09 
1558 441.774 5.112 5.50273 4497.15 4.40412e-09 
1559 439.256 4.68503 5.5157 4497.67 4.39766e-09 
1560 436.779 4.25169 5.52797 4498.19 4.39122e-09 
1561 434.345 3.81217 5.53954 4498.71 4.38478e-09 
1562 431.954 3.3667 5.55042 4499.23 4.37835e-09 
1563 429.605 2.91545 5.5606 4499.74 4.37193e-09 
1564 427.299 2.45865 5.57008 4500.26 4.36552e-09 
1565 425.036 1.9965 5.57887 4500.77 4.35911e-09 
1566 422.815 1.5292 5.58697 4501.29 4.35272e-09 
1567 420.637 1.05698 5.59437 4501.8 4.34633e-09 
1568 418.501 0.580042 5.60107 4502.31 4.33996e-09 
1569 416.408 0.0986089 5.60708 4502.83 4.33359e-09 
1570 414.358 -0.387101 5.61239 4503.34 4.32723e-09 
1571 412.351 -0.876865 5.617 4503.85 4.32088e-09 
1572 410.386 -1.37046 5.62092 4504.36 4.31454e-09 
1573 408.464 -1.86766 5.62415 4504.87 4.30821e-09 
1574 406.585 -2.36823 5.62668 4505.37 4.30188e-09 
1575 404.749 -2.87194 5.62852 4505.88 4.29557e-09 
1576 402.956 -3.37856 5.62966 4506.39 4.28926e-09 
1577 401.205 -3.88786 5.63011 4506.89 4.28297e-09 
1578 399.497 -4.39958 5.62986 4507.4 4.27668e-09 
1579 397.832 -4.9135 5.62892 4507.9 4.2704e-09 
1580 396.21 -5.42936 5.62729 4508.4 4.26413e-09 
1581 394.631 -5.94692 5.62497 4508.91 4.25787e-09 
1582 393.095 -6.46593 5.62195 4509.41 4.25161e-09 
1583 391.602 -6.98614 5.61825 4509.91 4.24537e-09 
1584 390.152 -7.5073 5.61385 4510.41 4.23913e-09 
1585 388.744 -8.02914 5.60877 4510.91 4.2329e-09 
1586 387.38 -8.55141 5.60299 4511.4 4.22669e-09 
1587 386.059 -9.07384 5.59653 4511.9 4.22048e-09 
1588 384.78 -9.59618 5.58938 4512.4 4.21427e-09 
1589 383.545 -10.1182 5.58154 4512.89 4.20808e-09 
1590 382.352 -10.6395 5.57302 4513.39 4.20189e-09 
1591 381.203 -11.1599 5.56382 4513.88 4.19572e-09 
1592 380.097 -11.6792 5.55393 4514.37 4.18955e-09 
1593 379.033 -12.1969 5.54335 4514.86 4.18339e-09 
1594 378.013 -12.713 5.5321 4515.35 4.17723e-09 
1595 377.036 -13.227 5.52016 4515.84 4.17109e-09 
1596 376.101 -13.7387 5.50755 4516.33 4.16495e-09 
1597 375.21 -14.2478 5.49425 4516.82 4.15883e-09 
1598 374.362 -14.754 5.48028 4517.31 4.15271e-09 
1599 373.557 -15.257 5.46563 4517.8 4.14659e-09 
1600 372.794 -15.7566 5.45031 4518.28 4.14049e-09 
1601 372.075 -16.2524 5.43432 4518.77 4.13439e-09 
1602 371.399 -16.7443 5.41766 4519.25 4.1283e-09 
1603 370.764 -17.2322 5.40034 4519.73 4.12222e-09 
1604 370.17 -17.7161 5.38238 4520.22 4.11615e-09 
1605 369.618 -18.1957 5.36377 4520.7 4.11008e-09 
1606 369.105 -18.6711 5.34454 4521.18 4.10402e-09 
1607 368.632 -19.1422 5.32468 4521.66 4.09797e-09 
1608 368.198 -19.6087 5.30421 4522.14 4.09193e-09 
1609 367.802 -20.0706 5.28314 4522.61 4.0859e-09 
1610 367.444 -20.5279 5.26148 4523.09 4.07987e-09 
1611 367.123 -20.9803 5.23923 4523.57 4.07385e-09 
1612 366.839 -21.4278 5.2164 4524.04 4.06784e-09 
1613 366.59 -21.8704 5.19301 4524.52 4.06184e-09 
1614 366.377 -22.3078 5.16906 4524.99 4.05584e-09 
1615 366.199 -22.7399 5.14457 4525.46 4.04985e-09 
1616 366.055 -23.1668 5.11955 4525.93 4.04388e-09 
1617 365.944 -23.5882 5.09399 4526.4 4.0379e-09 
1618 365.866 -24.004 5.06792 4526.88 4.03194e-09 
1619 365.82 -24.4141 5.04135 4527.34 4.02599e-09 
1620 365.805 -24.8185 5.01428 4527.81 4.02004e-09 
1621 365.822 -25.217 4.98673 4528.28 4.0141e-09 
1622 365.868 -25.6095 4.9587 4528.75 4.00817e-09 
1623 365.945 -25.9958 4.93022 4529.21 4.00224e-09 
1624 366.05 -26.3759 4.90128 4529.68 3.99633e-09 
1625 366.184 -26.7497 4.8719 4530.14 3.99042e-09 
1626 366.345 -27.117 4.84209 4530.61 3.98452e-09 
1627 366.533 -27.4776 4.81187 4531.07 3.97862e-09 
1628 366.747 -27.8316 4.78123 4531.53 3.97274e-09 
1629 366.987 -28.1787 4.75021 4531.99 3.96686e-09 
1630 367.252 -28.5189 4.7188 4532.45 3.96099e-09 
1631 367.542 -28.8521 4.68702 4532.91 3.95513e-09 
1632 367.855 -29.178 4.65488 4533.37 3.94928e-09 
1633 368.19 -29.4966 4.6224 4533.83 3.94343e-09 
1634 368.548 -29.8077 4.58958 4534.29 3.93759e-09 
1635 368.928 -30.1113 4.55644 4534.74 3.93176e-09 
1636 369.328 -30.4072 4.52299 4535.2 3.92594e-09 
1637 369.749 -30.6953 4.48924 4535.65 3.92012e-09 
1638 370.189 -30.9755 4.45521 4536.11 3.91432e-09 
1639 370.647 -31.2475 4.42091 4536.56 3.90851e-09 
1640 371.124 -31.5114 4.38635 4537.01 3.90272e-09 
1641 371.618 -31.7669 4.35155 4537.47 3.89694e-09 
1642 372.128 -32.014 4.31651 4537.92 3.89116e-09 
1643 372.655 -32.2524 4.28126 4538.37 3.88539e-09 
1644 373.196 -32.4822 4.2458 4538.82 3.87962e-09 
1645 373.752 -32.703 4.21016 4539.27 3.87387e-09 
1646 374.321 -32.9149 4.17433 4539.71 3.86812e-09 
1647 374.904 -33.1176 4.13835 4540.16 3.86237e-09 
1648 375.498 -33.3111 4.10221 4540.61 3.85664e-09 
1649 376.104 -33.4952 4.06594 4541.05 3.85091e-09 
1650 376.721 -33.6697 4.02955 4541.5 3.84519e-09 
1651 377.348 -33.8346 3.99306 4541.94 3.83947e-09 
1652 377.984 -33.9898 3.95647 4542.39 3.83377e-09 
1653 378.629 -34.1354 3.91979 4542.83 3.82806e-09 
1654 379.282 -34.2716 3.88303 4543.27 3.82237e-09 
1655 379.943 -34.3982 3.8462 4543.71 3.81668e-09 
1656 380.61 -34.5153 3.80931 4544.15 3.811e-09 
1657 381.285 -34.6231 3.77237 4544.59 3.80533e-09 
1658 381.965 -34.7216 3.73538 4545.03 3.79967e-09 
1659 382.65 -34.8108 3.69836 4545.47 3.79401e-09 
1660 383.341 -34.8907 3.66131 4545.91 3.78835e-09 
1661 384.035 -34.9615 3.62425 4546.35 3.78271e-09 
1662 384.733 -35.0232 3.58718 4546.78 3.77707e-09 
1663 385.434 -35.0758 3.55011 4547.22 3.77144e-09 
1664 386.137 -35.1194 3.51305 4547.65 3.76582e-09 
1665 386.843 -35.154 3.47601 4548.09 3.7602e-09 
1666 387.549 -35.1798 3.43901 4548.52 3.75459e-09 
1667 388.256 -35.1967 3.40204 4548.95 3.74899e-09 
1668 388.962 -35.2049 3.36513 4549.38 3.74339e-09 
1669 389.668 -35.2044 3.32827 4549.81 3.7378e-09 
1670 390.373 -35.1953 3.29149 4550.24 3.73222e-09 
1671 391.076 -35.1776 3.25478 4550.67 3.72664e-09 
1672 391.776 -35.1514 3.21817 4551.1 3.72107e-09 
1673 392.473 -35.1168 3.18165 4551.53 3.71551e-09 
1674 393.166 -35.0738 3.14525 4551.96 3.70996e-09 
1675 393.855 -35.0225 3.10897 4552.39 3.70441e-09 
1676 394.539 -34.963 3.07282 4552.81 3.69887e-09 
1677 395.217 -34.8953 3.03682 4553.24 3.69334e-09 
1678 395.889 -34.8195 3.00096 4553.66 3.68781e-09 
1679 396.553 -34.7357 2.96527 4554.08 3.68229e-09 
1680 397.21 -34.644 2.92976 4554.51 3.67677e-09 
1681 397.859 -34.5444 2.89443 4554.93 3.67127e-09 
1682 398.499 -34.4371 2.8593 4555.35 3.66577e-09 
1683 399.129 -34.322 2.82438 4555.77 3.66027e-09 
1684 399.749 -34.1993 2.78968 4556.19 3.65479e-09 
1685 400.358 -34.069 2.75521 4556.61 3.64931e-09 
1686 400.956 -33.9313 2.72098 4557.03 3.64383e-09 
1687 401.541 -33.7861 2.68701 4557.45 3.63837e-09 
1688 402.113 -33.6337 2.6533 4557.87 3.6329e-09 
1689 402.672 -33.474 2.61987 4558.28 3.62745e-09 
1690 403.217 -33.3072 2.58673 4558.7 3.622e-09 
1691 403.746 -33.1333 2.55389 4559.11 3.61656e-09 
1692 404.26 -32.9525 2.52136 4559.53 3.61113e-09 
1693 404.757 -32.7648 2.48916 4559.94 3.6057e-09 
1694 405.238 -32.5703 2.4573 4560.35 3.60028e-09 
1695 405.701 -32.3691 2.42578 4560.77 3.59486e-09 
1696 406.145 -32.1612 2.39463 4561.18 3.58945e-09 
1697 406.57 -31.9469 2.36386 4561.59 3.58405e-09 
1698 406.976 -31.7261 2.33347 4562 3.57865e-09 
1699 407.361 -31.499 2.30348 4562.41 3.57326e-09 
1700 407.724 -31.2657 2.27391 4562.82 3.56787e-09 
1701 408.066 -31.0262 2.24475 4563.22 3.56249e-09 
1702 408.386 -30.7807 2.21603 4563.63 3.55712e-09 
1703 408.684 -30.5294 2.18774 4564.04 3.55175e-09 
1704 408.96 -30.2723 2.15987 4564.44 3.54639e-09 
1705 409.214 -30.0095 2.13244 4564.85 3.54103e-09 
1706 409.446 -29.7413 2.10544 4565.25 3.53569e-09 
1707 409.655 -29.4677 2.07887 4565.65 3.53034e-09 
1708 409.842 -29.1889 2.05274 4566.06 3.525e-09 
1709 410.007 -28.905 2.02704 4566.46 3.51967e-09 
1710 410.15 -28.6161 2.00178 4566.86 3.51435e-09 
1711 410.27 -28.3224 1.97696 4567.26 3.50903e-09 
1712 410.367 -28.0241 1.95258 4567.66 3.50371e-09 
1713 410.443 -27.7213 1.92863 4568.06 3.4984e-09 
1714 410.495 -27.414 1.90513 4568.46 3.4931e-09 
1715 410.526 -27.1026 1.88208 4568.85 3.48781e-09 
1716 410.533 -26.787 1.85946 4569.25 3.48252e-09 
1717 410.518 -26.4675 1.83729 4569.65 3.47723e-09 
1718 410.48 -26.1442 1.81557 4570.04 3.47196e-09 
1719 410.42 -25.8173 1.79429 4570.44 3.46668e-09 
1720 410.337 -25.4869 1.77346 4570.83 3.46142e-09 
1721 410.23 -25.1532 1.75308 4571.22 3.45616e-09 
1722 410.101 -24.8162 1.73315 4571.62 3.4509e-09 
1723 409.949 -24.4763 1.71367 4572.01 3.44565e-09 
1724 409.774 -24.1335 1.69465 4572.4 3.44041e-09 
1725 409.577 -23.7881 1.67607 4572.79 3.43517e-09 
1726 409.356 -23.4401 1.65795 4573.18 3.42994e-09 
1727 409.111 -23.0897 1.64029 4573.57 3.42472e-09 
1728 408.844 -22.7371 1.62308 4573.96 3.4195e-09 
1729 408.554 -22.3825 1.60633 4574.34 3.41429e-09 
1730 408.24 -22.026 1.59004 4574.73 3.40908e-09 
1731 407.903 -21.6678 1.57421 4575.11 3.40388e-09 
1732 407.543 -21.3081 1.55883 4575.5 3.39868e-09 
1733 407.159 -20.9471 1.54392 4575.88 3.39349e-09 
1734 406.752 -20.5848 1.52947 4576.27 3.38831e-09 
1735 406.322 -20.2216 1.51548 4576.65 3.38313e-09 
1736 405.868 -19.8576 1.50195 4577.03 3.37795e-09 
1737 405.39 -19.4929 1.48889 4577.41 3.37279e-09 
1738 404.889 -19.1278 1.47629 4577.79 3.36762e-09 
1739 404.365 -18.7623 1.46416 4578.17 3.36247e-09 
1740 403.816 -18.3969 1.4525 4578.55 3.35732e-09 
1741 403.244 -18.0315 1.44131 4578.93 3.35217e-09 
1742 402.648 -17.6663 1.43058 4579.31 3.34703e-09 
1743 402.028 -17.3017 1.42032 4579.69 3.34189e-09 
1744 401.385 -16.9377 1.41053 4580.06 3.33676e-09 
1745 400.717 -16.5746 1.40122 4580.44 3.33164e-09 
1746 400.026 -16.2126 1.39237 4580.81 3.32652e-09 
1747 399.311 -15.8518 1.384 4581.19 3.32141e-09 
1748 398.571 -15.4925 1.3761 4581.56 3.3163e-09 
1749 397.808 -15.1348 1.36867 4581.93 3.31119e-09 
1750 397.02 -14.779 1.36172 4582.3 3.3061e-09 
1751 396.209 -14.4252 1.35524 4582.67 3.301e-09 
1752 395.374 -14.0736 1.34924 4583.04 3.29591e-09 
1753 394.515 -13.7242 1.3437 4583.41 3.29083e-09 
1754 393.633 -13.3771 1.33861 4583.78 3.28575e-09 
1755 392.728 -13.0324 1.33399 4584.15 3.28068e-09 
1756 391.801 -12.6901 1.32981 4584.52 3.27561e-09 
1757 390.852 -12.3504 1.32608 4584.88 3.27055e-09 
1758 389.882 -12.0133 1.32278 4585.25 3.26549e-09 
1759 388.89 -11.6789 1.31992 4585.61 3.26043e-09 
1760 387.877 -11.3473 1.31749 4585.98 3.25539e-09 
1761 386.844 -11.0186 1.31548 4586.34 3.25034e-09 
1762 385.79 -10.6928 1.31389 4586.7 3.2453e-09 
1763 384.717 -10.3701 1.31271 4587.06 3.24027e-09 
1764 383.625 -10.0505 1.31193 4587.42 3.23524e-09 
1765 382.513 -9.73417 1.31155 4587.79 3.23022e-09 
1766 381.383 -9.4211 1.31157 4588.14 3.2252e-09 
1767 380.234 -9.11144 1.31198 4588.5 3.22019e-09 
1768 379.068 -8.80525 1.31276 4588.86 3.21518e-09 
1769 377.884 -8.50263 1.31393 4589.22 3.21017e-09 
1770 376.683 -8.20367 1.31546 4589.58 3.20518e-09 
1771 375.466 -7.90846 1.31735 4589.93 3.20018e-09 
1772 374.232 -7.61709 1.3196 4590.29 3.19519e-09 
1773 372.982 -7.32966 1.32221 4590.64 3.19021e-09 
1774 371.717 -7.04624 1.32515 4591 3.18523e-09 
1775 370.436 -6.76695 1.32843 4591.35 3.18026e-09 
1776 369.141 -6.49187 1.33205 4591.7 3.17529e-09 
1777 367.832 -6.2211 1.33599 4592.05 3.17032e-09 
1778 366.508 -5.95472 1.34024 4592.41 3.16536e-09 
1779 365.171 -5.69284 1.34481 4592.76 3.16041e-09 
1780 363.821 -5.43556 1.34968 4593.11 3.15546e-09 
1781 362.459 -5.18296 1.35484 4593.46 3.15051e-09 
1782 361.084 -4.93515 1.3603 4593.8 3.14557e-09 
1783 359.697 -4.69223 1.36604 4594.15 3.14063e-09 
1784 358.299 -4.45429 1.37205 4594.5 3.1357e-09 
1785 356.89 -4.22144 1.37833 4594.85 3.13077e-09 
1786 355.47 -3.99377 1.38487 4595.19 3.12585e-09 
1787 354.04 -3.77138 1.39167 4595.54 3.12093e-09 
1788 352.6 -3.55438 1.39871 4595.88 3.11602e-09 
1789 351.151 -3.34288 1.40599 4596.23 3.11111e-09 
1790 349.693 -3.13696 1.4135 4596.57 3.10621e-09 
1791 348.227 -2.93674 1.42123 4596.91 3.10131e-09 
1792 346.752 -2.74233 1.42918 4597.25 3.09641e-09 
1793 345.27 -2.55382 1.43733 4597.59 3.09152e-09 
1794 343.781 -2.37132 1.44569 4597.94 3.08663e-09 
1795 342.285 -2.19494 1.45423 4598.27 3.08175e-09 
1796 340.782 -2.02479 1.46296 4598.61 3.07687e-09 
1797 339.274 -1.86097 1.47186 4598.95 3.07199e-09 
1798 337.761 -1.70359 1.48093 4599.29 3.06712e-09 
1799 336.242 -1.55277 1.49015 4599.63 3.06226e-09 
1800 334.719 -1.40861 1.49953 4599.97 3.05739e-09 
1801 333.192 -1.2712 1.50905 4600.3 3.05254e-09 
1802 331.661 -1.14053 1.5187 4600.64 3.04768e-09 
1803 330.127 -1.01657 1.52849 4600.97 3.04283e-09 
1804 328.59 -0.899278 1.5384 4601.31 3.03798e-09 
1805 327.051 -0.788625 1.54842 4601.64 3.03314e-09 
1806 325.509 -0.684575 1.55857 4601.97 3.0283e-09 
1807 323.966 -0.587091 1.56882 4602.31 3.02347e-09 
1808 322.421 -0.496136 1.57917 4602.64 3.01864e-09 
1809 320.875 -0.411675 1.58962 4602.97 3.01381e-09 
1810 319.329 -0.333668 1.60016 4603.3 3.00899e-09 
1811 317.782 -0.262078 1.61079 4603.63 3.00417e-09 
1812 316.236 -0.196865 1.62149 4603.96 2.99936e-09 
1813 314.69 -0.137991 1.63227 4604.29 2.99455e-09 
1814 313.146 -0.0854157 1.64312 4604.61 2.98974e-09 
1815 311.603 -0.0390978 1.65403 4604.94 2.98494e-09 
1816 310.061 0.00100354 1.66499 4605.27 2.98014e-09 
1817 308.522 0.0349302 1.676 4605.6 2.97535e-09 
1818 306.986 0.0627245 1.68706 4605.92 2.97056e-09 
1819 305.453 0.0844296 1.69815 4606.25 2.96577e-09 
1820 303.923 0.100089 1.70927 4606.57 2.96099e-09 
1821 302.397 0.109747 1.72041 4606.9 2.95622e-09 
1822 300.875 0.113448 1.73158 4607.22 2.95144e-09 
1823 299.358 0.111238 1.74275 4607.54 2.94667e-09 
1824 297.847 0.103163 1.75393 4607.86 2.94191e-09 
1825 296.34 0.0892688 1.7651 4608.19 2.93715e-09 
1826 294.84 0.0696038 1.77627 4608.51 2.93239e-09 
1827 293.346 0.0442155 1.78742 4608.83 2.92764e-09 
1828 291.859 0.0131524 1.79855 4609.15 2.92289e-09 
1829 290.38 -0.0235362 1.80965 4609.47 2.91815e-09 
1830 288.908 -0.0658007 1.82071 4609.79 2.91341e-09 
1831 287.444 -0.11359 1.83173 4610.11 2.90867e-09 
1832 285.989 -0.166855 1.8427 4610.42 2.90394e-09 
1833 284.542 -0.225541 1.85361 4610.74 2.89921e-09 
1834 283.105 -0.289598 1.86446 4611.06 2.89449e-09 
1835 281.679 -0.358972 1.87524 4611.38 2.88977e-09 
1836 280.262 -0.43361 1.88593 4611.69 2.88505e-09 
1837 278.856 -0.513457 1.89654 4612.01 2.88034e-09 
1838 277.461 -0.598458 1.90706 4612.32 2.87563e-09 
1839 276.078 -0.688557 1.91748 4612.64 2.87093e-09 
1840 274.707 -0.783699 1.92779 4612.95 2.86623e-09 
1841 273.349 -0.883827 1.93798 4613.26 2.86153e-09 
1842 272.004 -0.988882 1.94805 4613.58 2.85684e-09 
1843 270.672 -1.09881 1.95798 4613.89 2.85215e-09 
1844 269.354 -1.21354 1.96778 4614.2 2.84747e-09 
1845 268.05 -1.33303 1.97743 4614.51 2.84278e-09 
1846 266.761 -1.45721 1.98693 4614.82 2.83811e-09 
1847 265.488 -1.58601 1.99626 4615.13 2.83344e-09 
1848 264.23 -1.71939 2.00542 4615.44 2.82877e-09 
1849 262.988 -1.85727 2.0144 4615.75 2.8241e-09 
1850 261.764 -1.99959 2.0232 4616.06 2.81944e-09 
1851 260.556 -2.14629 2.0318 4616.37 2.81478e-09 
1852 259.365 -2.29728 2.04021 4616.68 2.81013e-09 
1853 258.192 -2.45247 2.04842 4616.98 2.80548e-09 
1854 257.036 -2.61179 2.05642 4617.29 2.80083e-09 
1855 255.897 -2.77513 2.06423 4617.6 2.79619e-09 
1856 254.776 -2.94242 2.07183 4617.9 2.79155e-09 
1857 253.672 -3.11355 2.07923 4618.21 2.78691e-09 
1858 252.586 -3.28845 2.08641 4618.51 2.78228e-09 
1859 251.517 -3.46701 2.09339 4618.82 2.77765e-09 
1860 250.466 -3.64914 2.10016 4619.12 2.77303e-09 
1861 249.433 -3.83475 2.10672 4619.42 2.7684e-09 
1862 248.417 -4.02375 2.11306 4619.72 2.76379e-09 
1863 247.419 -4.21604 2.11919 4620.03 2.75917e-09 
1864 246.439 -4.41152 2.1251 4620.33 2.75456e-09 
1865 245.477 -4.61009 2.13079 4620.63 2.74995e-09 
1866 244.533 -4.81165 2.13626 4620.93 2.74534e-09 
1867 243.607 -5.01612 2.1415 4621.22 2.74074e-09 
1868 242.698 -5.22338 2.14652 4621.52 2.73614e-09 
1869 241.808 -5.43333 2.15131 4621.82 2.73154e-09 
1870 240.936 -5.64587 2.15588 4622.12 2.72695e-09 
1871 240.083 -5.86091 2.16021 4622.41 2.72236e-09 
1872 239.247 -6.07832 2.16432 4622.71 2.71777e-09 
1873 238.43 -6.29802 2.16818 4623 2.71319e-09 
1874 237.631 -6.51988 2.17181 4623.3 2.7086e-09 
1875 236.851 -6.74381 2.17521 4623.59 2.70402e-09 
1876 236.089 -6.9697 2.17836 4623.88 2.69945e-09 
1877 235.346 -7.19744 2.18127 4624.17 2.69487e-09 
1878 234.621 -7.42691 2.18394 4624.46 2.6903e-09 
1879 233.915 -7.65801 2.18637 4624.75 2.68573e-09 
1880 233.228 -7.89062 2.18854 4625.04 2.68116e-09 
1881 232.559 -8.12464 2.19047 4625.33 2.6766e-09 
1882 231.909 -8.35994 2.19215 4625.62 2.67204e-09 
1883 231.278 -8.59641 2.19357 4625.9 2.66748e-09 
1884 230.666 -8.83394 2.19474 4626.19 2.66292e-09 
1885 230.073 -9.07241 2.19565 4626.47 2.65836e-09 
1886 229.499 -9.31169 2.1963 4626.76 2.65381e-09 
1887 228.944 -9.55168 2.19669 4627.04 2.64925e-09 
1888 228.408 -9.79225 2.19682 4627.32 2.6447e-09 
1889 227.891 -10.0333 2.19668 4627.6 2.64015e-09 
1890 227.393 -10.2746 2.19627 4627.88 2.63561e-09 
1891 226.915 -10.5162 2.1956 4628.16 2.63106e-09 
1892 226.456 -10.7579 2.19466 4628.43 2.62652e-09 
1893 226.017 -10.9995 2.19344 4628.71 2.62198e-09 
1894 225.597 -11.241 2.19195 4628.99 2.61743e-09 
1895 225.196 -11.4822 2.19018 4629.26 2.6129e-09 
1896 224.815 -11.7229 2.18813 4629.53 2.60836e-09 
1897 224.453 -11.9632 2.1858 4629.81 2.60382e-09 
1898 224.112 -12.2027 2.18319 4630.08 2.59928e-09 
1899 223.79 -12.4414 2.1803 4630.35 2.59475e-09 
1900 223.487 -12.6792 2.17711 4630.61 2.59021e-09 
1901 223.205 -12.9159 2.17364 4630.88 2.58568e-09 
1902 222.942 -13.1515 2.16988 4631.15 2.58115e-09 
1903 222.698 -13.3858 2.16584 4631.41 2.57662e-09 
1904 222.473 -13.6188 2.16153 4631.68 2.57209e-09 
1905 222.266 -13.8505 2.15694 4631.94 2.56756e-09 
1906 222.078 -14.0806 2.15208 4632.2 2.56303e-09 
1907 221.907 -14.3093 2.14695 4632.46 2.5585e-09 
1908 221.754 -14.5363 2.14157 4632.72 2.55398e-09 
1909 221.618 -14.7616 2.13593 4632.98 2.54946e-09 
1910 221.499 -14.9851 2.13003 4633.24 2.54494e-09 
1911 221.396 -15.2067 2.12389 4633.5 2.54042e-09 
1912 221.31 -15.4264 2.1175 4633.76 2.53591e-09 
1913 221.239 -15.644 2.11087 4634.01 2.5314e-09 
1914 221.183 -15.8596 2.10401 4634.27 2.52689e-09 
1915 221.143 -16.0729 2.09692 4634.53 2.52238e-09 
1916 221.117 -16.2839 2.0896 4634.78 2.51788e-09 
1917 221.106 -16.4926 2.08206 4635.04 2.51338e-09 
1918 221.109 -16.6988 2.0743 4635.29 2.50889e-09 
1919 221.125 -16.9024 2.06633 4635.54 2.5044e-09 
1920 221.155 -17.1034 2.05815 4635.8 2.49991e-09 
1921 221.197 -17.3017 2.04977 4636.05 2.49542e-09 
1922 221.252 -17.4972 2.04119 4636.3 2.49094e-09 
1923 221.32 -17.6898 2.03242 4636.56 2.48647e-09 
1924 221.399 -17.8793 2.02345 4636.81 2.482e-09 
1925 221.49 -18.0658 2.01431 4637.06 2.47753e-09 
1926 221.591 -18.2492 2.00499 4637.31 2.47307e-09 
1927 221.704 -18.4292 1.99549 4637.56 2.46862e-09 
1928 221.827 -18.6059 1.98582 4637.82 2.46416e-09 
1929 221.96 -18.7792 1.97599 4638.07 2.45972e-09 
1930 222.102 -18.9488 1.966 4638.32 2.45528e-09 
1931 222.254 -19.1149 1.95586 4638.57 2.45085e-09 
1932 222.414 -19.2772 1.94557 4638.83 2.44642e-09 
1933 222.583 -19.4357 1.93514 4639.08 2.442e-09 
1934 222.761 -19.5902 1.92457 4639.33 2.43758e-09 
1935 222.945 -19.7408 1.91387 4639.59 2.43317e-09 
1936 223.138 -19.8872 1.90304 4639.84 2.42877e-09 
1937 223.337 -20.0293 1.89209 4640.1 2.42437e-09 
1938 223.542 -20.1672 1.88103 4640.35 2.41998e-09 
1939 223.754 -20.3006 1.86985 4640.61 2.4156e-09 
1940 223.972 -20.4295 1.85857 4640.86 2.41123e-09 
1941 224.195 -20.5538 1.8472 4641.12 2.40686e-09 
1942 224.423 -20.6733 1.83573 4641.38 2.4025e-09 
1943 224.656 -20.788 1.82417 4641.63 2.39815e-09 
1944 224.892 -20.8978 1.81253 4641.89 2.39381e-09 
1945 225.133 -21.0025 1.80082 4642.15 2.38948e-09 
1946 225.377 -21.1021 1.78903 4642.41 2.38515e-09 
1947 225.624 -21.1965 1.77719 4642.67 2.38084e-09 
1948 225.874 -21.2854 1.76528 4642.94 2.37653e-09 
1949 226.125 -21.369 1.75333 4643.2 2.37223e-09 
1950 226.379 -21.4469 1.74133 4643.47 2.36794e-09 
1951 226.634 -21.5192 1.72928 4643.73 2.36366e-09 
1952 226.89 -21.5859 1.7172 4644 2.35939e-09 
1953 227.148 -21.6471 1.70508 4644.27 2.35512e-09 
1954 227.407 -21.7029 1.69292 4644.53 2.35087e-09 
1955 227.667 -21.7533 1.68072 4644.8 2.34662e-09 
1956 227.928 -21.7985 1.66848 4645.07 2.34238e-09 
1957 228.191 -21.8385 1.65619 4645.34 2.33814e-09 
1958 228.455 -21.8734 1.64387 4645.61 2.33391e-09 
1959 228.72 -21.9033 1.6315 4645.88 2.32968e-09 
1960 228.986 -21.9283 1.61908 4646.15 2.32546e-09 
1961 229.254 -21.9485 1.60663 4646.42 2.32124e-09 
1962 229.522 -21.9639 1.59413 4646.69 2.31702e-09 
1963 229.792 -21.9747 1.58159 4646.95 2.3128e-09 
1964 230.063 -21.981 1.569 4647.22 2.30859e-09 
1965 230.335 -21.9828 1.55636 4647.49 2.30437e-09 
1966 230.608 -21.9803 1.54369 4647.75 2.30015e-09 
1967 230.882 -21.9735 1.53096 4648.02 2.29594e-09 
1968 231.157 -21.9625 1.51819 4648.28 2.29172e-09 
1969 231.432 -21.9475 1.50537 4648.54 2.28749e-09 
1970 231.709 -21.9285 1.49251 4648.8 2.28327e-09 
1971 231.987 -21.9056 1.47959 4649.06 2.27904e-09 
1972 232.266 -21.879 1.46663 4649.31 2.2748e-09 
1973 232.545 -21.8487 1.45362 4649.57 2.27056e-09 
1974 232.826 -21.8148 1.44056 4649.82 2.26631e-09 
1975 233.107 -21.7775 1.42745 4650.07 2.26206e-09 
1976 233.39 -21.7368 1.41429 4650.31 2.2578e-09 
1977 233.672 -21.6929 1.40108 4650.56 2.25353e-09 
1978 233.956 -21.6458 1.38781 4650.8 2.24924e-09 
1979 234.241 -21.5956 1.3745 4651.04 2.24495e-09 
1980 234.526 -21.5426 1.36113 4651.27 2.24065e-09 
1981 234.812 -21.4866 1.34771 4651.5 2.23633e-09 
1982 235.099 -21.428 1.33424 4651.73 2.23201e-09 
1983 235.386 -21.3668 1.32071 4651.95 2.22767e-09 
1984 235.674 -21.3031 1.30713 4652.17 2.22331e-09 
1985 235.962 -21.237 1.2935 4652.39 2.21894e-09 
1986 236.252 -21.1686 1.2798 4652.6 2.21455e-09 
1987 236.541 -21.098 1.26606 4652.81 2.21015e-09 
1988 236.832 -21.0255 1.25225 4653.01 2.20572e-09 
1989 237.122 -20.951 1.23839 4653.21 2.20128e-09 
1990 237.414 -20.8746 1.22447 4653.4 2.19682e-09 
1991 237.706 -20.7966 1.2105 4653.59 2.19234e-09 
1992 237.998 -20.7171 1.19646 4653.77 2.18784e-09 
1993 238.29 -20.636 1.18237 4653.95 2.18331e-09 
1994 238.584 -20.5537 1.16822 4654.12 2.17877e-09 
1995 238.877 -20.4701 1.154 4654.29 2.17419e-09 
1996 239.171 -20.3855 1.13973 4654.45 2.1696e-09 
1997 239.465 -20.2999 1.12539 4654.6 2.16497e-09 
1998 239.759 -20.2134 1.11099 4654.75 2.16032e-09 
1999 240.054 -20.1263 1.09653 4654.89 2.15565e-09 
2000 240.349 -20.0386 1.08201 4655.03 2.15094e-09 
