2 1008.86 
3 973.301 
4 940.596 
5 917.286 
6 902.403 
7 894.003 
8 890.48 
9 890.162 
10 893.699 
11 898.911 
12 906.089 
13 914.047 
14 923.776 
15 935.171 
16 946.129 
17 957.325 
18 969.901 
19 984.168 
20 999.381 
21 1014.16 
22 1028.66 
23 1043.34 
24 1058.44 
25 1073.87 
26 1089.39 
27 1105.11 
28 1121.13 
29 1137.42 
30 1153.75 
31 1169.81 
32 1185.72 
33 1201.69 
34 1217.89 
35 1234.44 
36 1251.42 
37 1268.83 
38 1286.63 
39 1304.69 
40 1322.79 
41 1340.72 
42 1358.5 
43 1376.22 
44 1393.96 
45 1411.78 
46 1429.72 
47 1447.82 
48 1466.1 
49 1484.54 
50 1503.12 
51 1521.81 
52 1540.64 
53 1559.65 
54 1578.87 
55 1598.33 
56 1618.05 
57 1638.02 
58 1658.24 
59 1678.69 
60 1699.34 
61 1720.15 
62 1741.13 
63 1762.33 
64 1783.75 
65 1805.43 
66 1827.36 
67 1849.57 
68 1872.06 
69 1894.82 
70 1917.85 
71 1941.13 
72 1964.69 
73 1988.53 
74 2012.67 
75 2037.12 
76 2061.88 
77 2086.96 
78 2112.34 
79 2138.04 
80 2164.03 
81 2190.31 
82 2216.88 
83 2243.76 
84 2270.95 
85 2298.45 
86 2326.27 
87 2354.4 
88 2382.85 
89 2411.61 
90 2440.68 
91 2470.04 
92 2499.69 
93 2529.64 
94 2559.88 
95 2590.41 
96 2621.24 
97 2652.34 
98 2683.71 
99 2715.35 
100 2747.24 
101 2779.36 
102 2811.72 
103 2844.31 
104 2877.15 
105 2910.21 
106 2943.51 
107 2977.04 
108 3010.8 
109 3044.78 
110 3078.97 
111 3113.37 
112 3147.96 
113 3182.74 
114 3217.7 
115 3252.82 
116 3288.09 
117 3323.49 
118 3359.01 
119 3394.62 
120 3430.31 
121 3466.05 
122 3501.85 
123 3537.68 
124 3573.54 
125 3609.44 
126 3645.34 
127 3681.26 
128 3717.17 
129 3753.07 
130 3788.95 
131 3824.79 
132 3860.58 
133 3896.3 
134 3931.96 
135 3967.52 
136 4002.98 
137 4038.31 
138 4073.51 
139 4108.55 
140 4143.41 
141 4178.08 
142 4212.55 
143 4246.8 
144 4280.82 
145 4314.61 
146 4348.15 
147 4381.42 
148 4414.42 
149 4447.14 
150 4479.56 
151 4511.66 
152 4543.44 
153 4574.88 
154 4605.97 
155 4636.68 
156 4667.02 
157 4696.95 
158 4726.47 
159 4755.55 
160 4784.19 
161 4812.37 
162 4840.06 
163 4867.28 
164 4894 
165 4920.21 
166 4945.91 
167 4971.08 
168 4995.72 
169 5019.82 
170 5043.35 
171 5066.32 
172 5088.72 
173 5110.52 
174 5131.73 
175 5152.33 
176 5172.32 
177 5191.67 
178 5210.39 
179 5228.45 
180 5245.85 
181 5262.58 
182 5278.63 
183 5294 
184 5308.68 
185 5322.66 
186 5335.94 
187 5348.51 
188 5360.37 
189 5371.52 
190 5381.93 
191 5391.63 
192 5400.59 
193 5408.81 
194 5416.29 
195 5423.03 
196 5429.02 
197 5434.25 
198 5438.73 
199 5442.45 
200 5445.41 
201 5447.6 
202 5449.03 
203 5449.69 
204 5449.58 
205 5448.71 
206 5447.07 
207 5444.66 
208 5441.49 
209 5437.56 
210 5432.87 
211 5427.43 
212 5421.22 
213 5414.27 
214 5406.56 
215 5398.1 
216 5388.91 
217 5378.97 
218 5368.3 
219 5356.91 
220 5344.78 
221 5331.94 
222 5318.38 
223 5304.12 
224 5289.16 
225 5273.5 
226 5257.16 
227 5240.14 
228 5222.44 
229 5204.08 
230 5185.06 
231 5165.39 
232 5145.08 
233 5124.14 
234 5102.57 
235 5080.38 
236 5057.59 
237 5034.21 
238 5010.24 
239 4985.69 
240 4960.58 
241 4934.92 
242 4908.72 
243 4882 
244 4854.76 
245 4827.01 
246 4798.78 
247 4770.07 
248 4740.9 
249 4711.29 
250 4681.25 
251 4650.79 
252 4619.92 
253 4588.67 
254 4557.03 
255 4525.02 
256 4492.66 
257 4459.95 
258 4426.91 
259 4393.55 
260 4359.88 
261 4325.92 
262 4291.69 
263 4257.19 
264 4222.44 
265 4187.45 
266 4152.24 
267 4116.83 
268 4081.23 
269 4045.45 
270 4009.52 
271 3973.44 
272 3937.24 
273 3900.94 
274 3864.54 
275 3828.06 
276 3791.54 
277 3754.97 
278 3718.37 
279 3681.75 
280 3645.13 
281 3608.53 
282 3571.94 
283 3535.4 
284 3498.91 
285 3462.49 
286 3426.15 
287 3389.9 
288 3353.77 
289 3317.76 
290 3281.89 
291 3246.18 
292 3210.64 
293 3175.29 
294 3140.14 
295 3105.21 
296 3070.51 
297 3036.06 
298 3001.88 
299 2967.99 
300 2934.39 
301 2901.11 
302 2868.15 
303 2835.53 
304 2803.24 
305 2771.3 
306 2739.72 
307 2708.5 
308 2677.64 
309 2647.16 
310 2617.07 
311 2587.36 
312 2558.06 
313 2529.15 
314 2500.65 
315 2472.57 
316 2444.92 
317 2417.69 
318 2390.9 
319 2364.55 
320 2338.64 
321 2313.19 
322 2288.2 
323 2263.67 
324 2239.61 
325 2216.03 
326 2192.93 
327 2170.31 
328 2148.18 
329 2126.55 
330 2105.42 
331 2084.79 
332 2064.67 
333 2045.06 
334 2025.97 
335 2007.41 
336 1989.37 
337 1971.85 
338 1954.87 
339 1938.43 
340 1922.53 
341 1907.17 
342 1892.35 
343 1878.08 
344 1864.37 
345 1851.21 
346 1838.6 
347 1826.55 
348 1815.07 
349 1804.14 
350 1793.78 
351 1783.99 
352 1774.76 
353 1766.09 
354 1757.98 
355 1750.43 
356 1743.44 
357 1736.99 
358 1731.1 
359 1725.76 
360 1720.95 
361 1716.69 
362 1712.96 
363 1709.77 
364 1707.1 
365 1704.95 
366 1703.31 
367 1702.19 
368 1701.58 
369 1701.46 
370 1701.84 
371 1702.7 
372 1704.04 
373 1705.86 
374 1708.14 
375 1710.88 
376 1714.07 
377 1717.71 
378 1721.77 
379 1726.27 
380 1731.17 
381 1736.49 
382 1742.2 
383 1748.3 
384 1754.77 
385 1761.62 
386 1768.81 
387 1776.35 
388 1784.23 
389 1792.42 
390 1800.92 
391 1809.72 
392 1818.8 
393 1828.16 
394 1837.77 
395 1847.62 
396 1857.7 
397 1868 
398 1878.49 
399 1889.17 
400 1900.02 
401 1911.03 
402 1922.18 
403 1933.47 
404 1944.91 
405 1956.47 
406 1968.16 
407 1979.98 
408 1991.9 
409 2003.94 
410 2016.08 
411 2028.32 
412 2040.64 
413 2053.05 
414 2065.54 
415 2078.1 
416 2090.72 
417 2103.39 
418 2116.12 
419 2128.89 
420 2141.69 
421 2154.51 
422 2167.36 
423 2180.21 
424 2193.07 
425 2205.93 
426 2218.76 
427 2231.58 
428 2244.36 
429 2257.11 
430 2269.8 
431 2282.44 
432 2295.01 
433 2307.5 
434 2319.9 
435 2332.21 
436 2344.41 
437 2356.5 
438 2368.46 
439 2380.28 
440 2391.95 
441 2403.47 
442 2414.81 
443 2425.98 
444 2436.95 
445 2447.72 
446 2458.28 
447 2468.61 
448 2478.7 
449 2488.54 
450 2498.12 
451 2507.43 
452 2516.47 
453 2525.23 
454 2533.71 
455 2541.92 
456 2549.85 
457 2557.51 
458 2564.9 
459 2572.01 
460 2578.85 
461 2585.41 
462 2591.7 
463 2597.72 
464 2603.46 
465 2608.93 
466 2614.13 
467 2619.06 
468 2623.72 
469 2628.11 
470 2632.23 
471 2636.09 
472 2639.67 
473 2642.99 
474 2646.05 
475 2648.84 
476 2651.37 
477 2653.63 
478 2655.64 
479 2657.39 
480 2658.88 
481 2660.11 
482 2661.09 
483 2661.81 
484 2662.28 
485 2662.51 
486 2662.48 
487 2662.21 
488 2661.69 
489 2660.93 
490 2659.93 
491 2658.68 
492 2657.21 
493 2655.49 
494 2653.55 
495 2651.37 
496 2648.97 
497 2646.34 
498 2643.48 
499 2640.41 
500 2637.12 
501 2633.61 
502 2629.89 
503 2625.97 
504 2621.84 
505 2617.52 
506 2613.01 
507 2608.32 
508 2603.44 
509 2598.39 
510 2593.18 
511 2587.79 
512 2582.26 
513 2576.57 
514 2570.74 
515 2564.77 
516 2558.66 
517 2552.43 
518 2546.08 
519 2539.62 
520 2533.05 
521 2526.38 
522 2519.62 
523 2512.78 
524 2505.85 
525 2498.86 
526 2491.8 
527 2484.68 
528 2477.52 
529 2470.32 
530 2463.08 
531 2455.82 
532 2448.54 
533 2441.25 
534 2433.96 
535 2426.68 
536 2419.42 
537 2412.18 
538 2404.97 
539 2397.81 
540 2390.7 
541 2383.65 
542 2376.66 
543 2369.76 
544 2362.95 
545 2356.24 
546 2349.63 
547 2343.14 
548 2336.78 
549 2330.56 
550 2324.49 
551 2318.57 
552 2312.82 
553 2307.23 
554 2301.81 
555 2296.55 
556 2291.47 
557 2286.56 
558 2281.82 
559 2277.27 
560 2272.89 
561 2268.7 
562 2264.7 
563 2260.89 
564 2257.27 
565 2253.84 
566 2250.62 
567 2247.59 
568 2244.76 
569 2242.14 
570 2239.73 
571 2237.53 
572 2235.54 
573 2233.77 
574 2232.22 
575 2230.89 
576 2229.79 
577 2228.91 
578 2228.26 
579 2227.85 
580 2227.67 
581 2227.73 
582 2228.03 
583 2228.58 
584 2229.37 
585 2230.41 
586 2231.71 
587 2233.26 
588 2235.07 
589 2237.14 
590 2239.48 
591 2242.09 
592 2244.96 
593 2248.11 
594 2251.53 
595 2255.24 
596 2259.22 
597 2263.5 
598 2268.06 
599 2272.91 
600 2278.06 
601 2283.5 
602 2289.23 
603 2295.26 
604 2301.57 
605 2308.17 
606 2315.04 
607 2322.19 
608 2329.61 
609 2337.29 
610 2345.23 
611 2353.44 
612 2361.89 
613 2370.59 
614 2379.54 
615 2388.72 
616 2398.13 
617 2407.78 
618 2417.65 
619 2427.74 
620 2438.04 
621 2448.55 
622 2459.26 
623 2470.17 
624 2481.27 
625 2492.56 
626 2504.02 
627 2515.67 
628 2527.48 
629 2539.45 
630 2551.58 
631 2563.87 
632 2576.29 
633 2588.86 
634 2601.55 
635 2614.38 
636 2627.32 
637 2640.37 
638 2653.53 
639 2666.79 
640 2680.13 
641 2693.57 
642 2707.08 
643 2720.66 
644 2734.3 
645 2748 
646 2761.75 
647 2775.54 
648 2789.36 
649 2803.2 
650 2817.06 
651 2830.93 
652 2844.81 
653 2858.68 
654 2872.55 
655 2886.4 
656 2900.23 
657 2914.04 
658 2927.82 
659 2941.57 
660 2955.27 
661 2968.93 
662 2982.53 
663 2996.08 
664 3009.56 
665 3022.96 
666 3036.29 
667 3049.54 
668 3062.69 
669 3075.75 
670 3088.7 
671 3101.54 
672 3114.27 
673 3126.87 
674 3139.35 
675 3151.68 
676 3163.88 
677 3175.92 
678 3187.8 
679 3199.52 
680 3211.06 
681 3222.43 
682 3233.61 
683 3244.59 
684 3255.37 
685 3265.95 
686 3276.3 
687 3286.43 
688 3296.33 
689 3305.99 
690 3315.4 
691 3324.55 
692 3333.44 
693 3342.06 
694 3350.39 
695 3358.44 
696 3366.19 
697 3373.63 
698 3380.76 
699 3387.57 
700 3394.04 
701 3400.18 
702 3405.98 
703 3411.43 
704 3416.55 
705 3421.32 
706 3425.75 
707 3429.84 
708 3433.59 
709 3437 
710 3440.07 
711 3442.79 
712 3445.17 
713 3447.21 
714 3448.91 
715 3450.27 
716 3451.28 
717 3451.96 
718 3452.29 
719 3452.28 
720 3451.92 
721 3451.23 
722 3450.2 
723 3448.82 
724 3447.11 
725 3445.05 
726 3442.66 
727 3439.92 
728 3436.85 
729 3433.43 
730 3429.68 
731 3425.59 
732 3421.16 
733 3416.4 
734 3411.29 
735 3405.86 
736 3400.08 
737 3393.97 
738 3387.53 
739 3380.75 
740 3373.64 
741 3366.19 
742 3358.42 
743 3350.31 
744 3341.87 
745 3333.11 
746 3324.01 
747 3314.58 
748 3304.83 
749 3294.75 
750 3284.35 
751 3273.62 
752 3262.57 
753 3251.21 
754 3239.54 
755 3227.57 
756 3215.3 
757 3202.73 
758 3189.88 
759 3176.74 
760 3163.33 
761 3149.65 
762 3135.71 
763 3121.5 
764 3107.05 
765 3092.35 
766 3077.4 
767 3062.23 
768 3046.82 
769 3031.19 
770 3015.35 
771 2999.3 
772 2983.05 
773 2966.6 
774 2949.97 
775 2933.15 
776 2916.15 
777 2898.99 
778 2881.67 
779 2864.19 
780 2846.57 
781 2828.81 
782 2810.92 
783 2792.9 
784 2774.76 
785 2756.52 
786 2738.17 
787 2719.73 
788 2701.2 
789 2682.6 
790 2663.92 
791 2645.18 
792 2626.39 
793 2607.55 
794 2588.68 
795 2569.77 
796 2550.85 
797 2531.91 
798 2512.97 
799 2494.03 
800 2475.11 
801 2456.21 
802 2437.34 
803 2418.5 
804 2399.7 
805 2380.94 
806 2362.22 
807 2343.56 
808 2324.94 
809 2306.39 
810 2287.91 
811 2269.49 
812 2251.14 
813 2232.88 
814 2214.7 
815 2196.6 
816 2178.61 
817 2160.7 
818 2142.91 
819 2125.22 
820 2107.65 
821 2090.19 
822 2072.86 
823 2055.66 
824 2038.6 
825 2021.67 
826 2004.89 
827 1988.27 
828 1971.8 
829 1955.49 
830 1939.35 
831 1923.38 
832 1907.59 
833 1891.99 
834 1876.57 
835 1861.36 
836 1846.34 
837 1831.54 
838 1816.94 
839 1802.57 
840 1788.42 
841 1774.51 
842 1760.83 
843 1747.4 
844 1734.21 
845 1721.28 
846 1708.62 
847 1696.22 
848 1684.1 
849 1672.26 
850 1660.71 
851 1649.46 
852 1638.49 
853 1627.82 
854 1617.44 
855 1607.35 
856 1597.55 
857 1588.04 
858 1578.82 
859 1569.88 
860 1561.23 
861 1552.86 
862 1544.78 
863 1536.98 
864 1529.45 
865 1522.21 
866 1515.25 
867 1508.56 
868 1502.15 
869 1496.01 
870 1490.15 
871 1484.55 
872 1479.23 
873 1474.17 
874 1469.39 
875 1464.86 
876 1460.6 
877 1456.61 
878 1452.87 
879 1449.4 
880 1446.18 
881 1443.21 
882 1440.51 
883 1438.05 
884 1435.84 
885 1433.89 
886 1432.18 
887 1430.71 
888 1429.49 
889 1428.51 
890 1427.77 
891 1427.26 
892 1427 
893 1426.96 
894 1427.16 
895 1427.59 
896 1428.24 
897 1429.12 
898 1430.22 
899 1431.54 
900 1433.08 
901 1434.84 
902 1436.8 
903 1438.98 
904 1441.36 
905 1443.94 
906 1446.71 
907 1449.67 
908 1452.81 
909 1456.14 
910 1459.64 
911 1463.32 
912 1467.15 
913 1471.15 
914 1475.31 
915 1479.62 
916 1484.07 
917 1488.67 
918 1493.4 
919 1498.26 
920 1503.25 
921 1508.36 
922 1513.58 
923 1518.91 
924 1524.35 
925 1529.89 
926 1535.52 
927 1541.24 
928 1547.04 
929 1552.92 
930 1558.87 
931 1564.88 
932 1570.95 
933 1577.08 
934 1583.25 
935 1589.47 
936 1595.72 
937 1602 
938 1608.3 
939 1614.63 
940 1620.96 
941 1627.29 
942 1633.63 
943 1639.96 
944 1646.27 
945 1652.56 
946 1658.82 
947 1665.05 
948 1671.24 
949 1677.38 
950 1683.47 
951 1689.49 
952 1695.46 
953 1701.35 
954 1707.18 
955 1712.94 
956 1718.62 
957 1724.23 
958 1729.76 
959 1735.22 
960 1740.59 
961 1745.87 
962 1751.07 
963 1756.18 
964 1761.19 
965 1766.11 
966 1770.94 
967 1775.66 
968 1780.29 
969 1784.8 
970 1789.22 
971 1793.52 
972 1797.7 
973 1801.78 
974 1805.73 
975 1809.57 
976 1813.28 
977 1816.87 
978 1820.32 
979 1823.65 
980 1826.84 
981 1829.9 
982 1832.82 
983 1835.59 
984 1838.22 
985 1840.7 
986 1843.03 
987 1845.21 
988 1847.23 
989 1849.09 
990 1850.79 
991 1852.32 
992 1853.69 
993 1854.88 
994 1855.9 
995 1856.75 
996 1857.41 
997 1857.89 
998 1858.18 
999 1858.29 
1000 1858.2 
1001 1857.91 
1002 1857.44 
1003 1856.77 
1004 1855.91 
1005 1854.86 
1006 1853.63 
1007 1852.22 
1008 1850.63 
1009 1848.85 
1010 1846.9 
1011 1844.78 
1012 1842.48 
1013 1840.01 
1014 1837.38 
1015 1834.57 
1016 1831.61 
1017 1828.49 
1018 1825.2 
1019 1821.76 
1020 1818.17 
1021 1814.43 
1022 1810.54 
1023 1806.5 
1024 1802.32 
1025 1797.99 
1026 1793.53 
1027 1788.93 
1028 1784.2 
1029 1779.34 
1030 1774.35 
1031 1769.24 
1032 1764 
1033 1758.64 
1034 1753.17 
1035 1747.58 
1036 1741.88 
1037 1736.07 
1038 1730.16 
1039 1724.14 
1040 1718.02 
1041 1711.81 
1042 1705.5 
1043 1699.1 
1044 1692.61 
1045 1686.04 
1046 1679.38 
1047 1672.65 
1048 1665.84 
1049 1658.96 
1050 1652.01 
1051 1644.99 
1052 1637.91 
1053 1630.77 
1054 1623.57 
1055 1616.32 
1056 1609.02 
1057 1601.67 
1058 1594.28 
1059 1586.85 
1060 1579.38 
1061 1571.88 
1062 1564.36 
1063 1556.8 
1064 1549.22 
1065 1541.63 
1066 1534.01 
1067 1526.39 
1068 1518.76 
1069 1511.12 
1070 1503.48 
1071 1495.85 
1072 1488.22 
1073 1480.61 
1074 1473 
1075 1465.42 
1076 1457.86 
1077 1450.32 
1078 1442.81 
1079 1435.34 
1080 1427.9 
1081 1420.51 
1082 1413.16 
1083 1405.86 
1084 1398.62 
1085 1391.43 
1086 1384.3 
1087 1377.24 
1088 1370.26 
1089 1363.34 
1090 1356.51 
1091 1349.75 
1092 1343.09 
1093 1336.51 
1094 1330.04 
1095 1323.66 
1096 1317.39 
1097 1311.22 
1098 1305.17 
1099 1299.24 
1100 1293.43 
1101 1287.75 
1102 1282.2 
1103 1276.77 
1104 1271.47 
1105 1266.3 
1106 1261.26 
1107 1256.35 
1108 1251.57 
1109 1246.93 
1110 1242.41 
1111 1238.02 
1112 1233.77 
1113 1229.65 
1114 1225.66 
1115 1221.8 
1116 1218.08 
1117 1214.5 
1118 1211.04 
1119 1207.73 
1120 1204.54 
1121 1201.5 
1122 1198.59 
1123 1195.82 
1124 1193.18 
1125 1190.68 
1126 1188.32 
1127 1186.1 
1128 1184.01 
1129 1182.07 
1130 1180.27 
1131 1178.6 
1132 1177.08 
1133 1175.69 
1134 1174.45 
1135 1173.35 
1136 1172.39 
1137 1171.58 
1138 1170.9 
1139 1170.37 
1140 1169.99 
1141 1169.74 
1142 1169.64 
1143 1169.69 
1144 1169.88 
1145 1170.22 
1146 1170.7 
1147 1171.33 
1148 1172.11 
1149 1173.03 
1150 1174.1 
1151 1175.32 
1152 1176.69 
1153 1178.19 
1154 1179.84 
1155 1181.62 
1156 1183.54 
1157 1185.59 
1158 1187.77 
1159 1190.07 
1160 1192.5 
1161 1195.05 
1162 1197.72 
1163 1200.5 
1164 1203.39 
1165 1206.4 
1166 1209.51 
1167 1212.72 
1168 1216.03 
1169 1219.44 
1170 1222.95 
1171 1226.54 
1172 1230.23 
1173 1233.99 
1174 1237.85 
1175 1241.78 
1176 1245.78 
1177 1249.86 
1178 1254.01 
1179 1258.22 
1180 1262.49 
1181 1266.83 
1182 1271.22 
1183 1275.66 
1184 1280.16 
1185 1284.7 
1186 1289.28 
1187 1293.9 
1188 1298.56 
1189 1303.25 
1190 1307.97 
1191 1312.71 
1192 1317.48 
1193 1322.26 
1194 1327.06 
1195 1331.87 
1196 1336.68 
1197 1341.5 
1198 1346.32 
1199 1351.14 
1200 1355.95 
1201 1360.75 
1202 1365.53 
1203 1370.3 
1204 1375.05 
1205 1379.78 
1206 1384.49 
1207 1389.17 
1208 1393.83 
1209 1398.45 
1210 1403.04 
1211 1407.6 
1212 1412.12 
1213 1416.6 
1214 1421.04 
1215 1425.44 
1216 1429.78 
1217 1434.08 
1218 1438.33 
1219 1442.52 
1220 1446.65 
1221 1450.73 
1222 1454.74 
1223 1458.69 
1224 1462.57 
1225 1466.38 
1226 1470.12 
1227 1473.78 
1228 1477.37 
1229 1480.87 
1230 1484.29 
1231 1487.62 
1232 1490.87 
1233 1494.02 
1234 1497.08 
1235 1500.05 
1236 1502.91 
1237 1505.67 
1238 1508.32 
1239 1510.87 
1240 1513.3 
1241 1515.62 
1242 1517.83 
1243 1519.91 
1244 1521.87 
1245 1523.71 
1246 1525.41 
1247 1526.99 
1248 1528.43 
1249 1529.73 
1250 1530.89 
1251 1531.91 
1252 1532.79 
1253 1533.52 
1254 1534.11 
1255 1534.56 
1256 1534.87 
1257 1535.03 
1258 1535.06 
1259 1534.95 
1260 1534.7 
1261 1534.31 
1262 1533.78 
1263 1533.11 
1264 1532.31 
1265 1531.37 
1266 1530.29 
1267 1529.09 
1268 1527.74 
1269 1526.26 
1270 1524.65 
1271 1522.91 
1272 1521.03 
1273 1519.02 
1274 1516.88 
1275 1514.62 
1276 1512.22 
1277 1509.69 
1278 1507.03 
1279 1504.25 
1280 1501.34 
1281 1498.31 
1282 1495.14 
1283 1491.86 
1284 1488.45 
1285 1484.91 
1286 1481.26 
1287 1477.48 
1288 1473.58 
1289 1469.56 
1290 1465.42 
1291 1461.16 
1292 1456.78 
1293 1452.29 
1294 1447.68 
1295 1442.95 
1296 1438.11 
1297 1433.15 
1298 1428.08 
1299 1422.89 
1300 1417.6 
1301 1412.19 
1302 1406.68 
1303 1401.06 
1304 1395.33 
1305 1389.51 
1306 1383.58 
1307 1377.56 
1308 1371.45 
1309 1365.25 
1310 1358.95 
1311 1352.58 
1312 1346.11 
1313 1339.57 
1314 1332.96 
1315 1326.26 
1316 1319.5 
1317 1312.66 
1318 1305.76 
1319 1298.8 
1320 1291.78 
1321 1284.69 
1322 1277.56 
1323 1270.36 
1324 1263.13 
1325 1255.84 
1326 1248.51 
1327 1241.14 
1328 1233.73 
1329 1226.29 
1330 1218.81 
1331 1211.31 
1332 1203.78 
1333 1196.23 
1334 1188.66 
1335 1181.07 
1336 1173.47 
1337 1165.85 
1338 1158.23 
1339 1150.61 
1340 1142.99 
1341 1135.37 
1342 1127.75 
1343 1120.14 
1344 1112.55 
1345 1104.97 
1346 1097.4 
1347 1089.86 
1348 1082.35 
1349 1074.86 
1350 1067.41 
1351 1059.99 
1352 1052.61 
1353 1045.26 
1354 1037.96 
1355 1030.69 
1356 1023.47 
1357 1016.3 
1358 1009.17 
1359 1002.08 
1360 995.045 
1361 988.059 
1362 981.125 
1363 974.244 
1364 967.418 
1365 960.647 
1366 953.935 
1367 947.282 
1368 940.69 
1369 934.16 
1370 927.695 
1371 921.295 
1372 914.962 
1373 908.698 
1374 902.505 
1375 896.384 
1376 890.336 
1377 884.364 
1378 878.469 
1379 872.653 
1380 866.917 
1381 861.263 
1382 855.693 
1383 850.208 
1384 844.81 
1385 839.501 
1386 834.282 
1387 829.156 
1388 824.124 
1389 819.187 
1390 814.348 
1391 809.608 
1392 804.968 
1393 800.432 
1394 796 
1395 791.674 
1396 787.456 
1397 783.349 
1398 779.352 
1399 775.47 
1400 771.702 
1401 768.051 
1402 764.517 
1403 761.098 
1404 757.793 
1405 754.602 
1406 751.524 
1407 748.558 
1408 745.703 
1409 742.959 
1410 740.323 
1411 737.796 
1412 735.376 
1413 733.063 
1414 730.855 
1415 728.752 
1416 726.752 
1417 724.855 
1418 723.06 
1419 721.366 
1420 719.772 
1421 718.276 
1422 716.879 
1423 715.578 
1424 714.373 
1425 713.262 
1426 712.246 
1427 711.322 
1428 710.49 
1429 709.749 
1430 709.097 
1431 708.534 
1432 708.059 
1433 707.67 
1434 707.366 
1435 707.147 
1436 707.01 
1437 706.956 
1438 706.983 
1439 707.089 
1440 707.275 
1441 707.537 
1442 707.877 
1443 708.291 
1444 708.78 
1445 709.341 
1446 709.975 
1447 710.679 
1448 711.452 
1449 712.294 
1450 713.203 
1451 714.177 
1452 715.215 
1453 716.316 
1454 717.477 
1455 718.696 
1456 719.972 
1457 721.303 
1458 722.687 
1459 724.122 
1460 725.606 
1461 727.138 
1462 728.715 
1463 730.335 
1464 731.997 
1465 733.698 
1466 735.437 
1467 737.212 
1468 739.02 
1469 740.861 
1470 742.73 
1471 744.628 
1472 746.551 
1473 748.498 
1474 750.466 
1475 752.454 
1476 754.459 
1477 756.48 
1478 758.513 
1479 760.558 
1480 762.612 
1481 764.673 
1482 766.739 
1483 768.807 
1484 770.876 
1485 772.943 
1486 775.006 
1487 777.063 
1488 779.112 
1489 781.15 
1490 783.176 
1491 785.186 
1492 787.179 
1493 789.153 
1494 791.105 
1495 793.032 
1496 794.934 
1497 796.806 
1498 798.648 
1499 800.456 
1500 802.228 
1501 803.962 
1502 805.658 
1503 807.314 
1504 808.931 
1505 810.506 
1506 812.041 
1507 813.533 
1508 814.983 
1509 816.389 
1510 817.751 
1511 819.069 
1512 820.342 
1513 821.569 
1514 822.749 
1515 823.882 
1516 824.966 
1517 826.003 
1518 826.99 
1519 827.927 
1520 828.813 
1521 829.648 
1522 830.431 
1523 831.161 
1524 831.838 
1525 832.46 
1526 833.028 
1527 833.54 
1528 833.996 
1529 834.395 
1530 834.737 
1531 835.02 
1532 835.244 
1533 835.408 
1534 835.511 
1535 835.553 
1536 835.533 
1537 835.451 
1538 835.305 
1539 835.094 
1540 834.819 
1541 834.478 
1542 834.071 
1543 833.596 
1544 833.053 
1545 832.442 
1546 831.761 
1547 831.01 
1548 830.188 
1549 829.294 
1550 828.327 
1551 827.288 
1552 826.176 
1553 824.993 
1554 823.739 
1555 822.417 
1556 821.026 
1557 819.568 
1558 818.044 
1559 816.455 
1560 814.802 
1561 813.086 
1562 811.309 
1563 809.471 
1564 807.573 
1565 805.616 
1566 803.603 
1567 801.533 
1568 799.408 
1569 797.229 
1570 794.997 
1571 792.713 
1572 790.379 
1573 787.995 
1574 785.563 
1575 783.084 
1576 780.559 
1577 777.989 
1578 775.375 
1579 772.72 
1580 770.023 
1581 767.286 
1582 764.51 
1583 761.697 
1584 758.847 
1585 755.962 
1586 753.044 
1587 750.093 
1588 747.11 
1589 744.098 
1590 741.057 
1591 737.988 
1592 734.893 
1593 731.773 
1594 728.629 
1595 725.463 
1596 722.275 
1597 719.068 
1598 715.843 
1599 712.6 
1600 709.342 
1601 706.069 
1602 702.783 
1603 699.485 
1604 696.176 
1605 692.857 
1606 689.529 
1607 686.194 
1608 682.852 
1609 679.506 
1610 676.156 
1611 672.803 
1612 669.448 
1613 666.094 
1614 662.74 
1615 659.388 
1616 656.04 
1617 652.697 
1618 649.36 
1619 646.029 
1620 642.708 
1621 639.395 
1622 636.094 
1623 632.805 
1624 629.53 
1625 626.27 
1626 623.025 
1627 619.798 
1628 616.59 
1629 613.401 
1630 610.235 
1631 607.09 
1632 603.97 
1633 600.875 
1634 597.807 
1635 594.767 
1636 591.756 
1637 588.776 
1638 585.828 
1639 582.913 
1640 580.034 
1641 577.19 
1642 574.385 
1643 571.618 
1644 568.892 
1645 566.207 
1646 563.566 
1647 560.97 
1648 558.42 
1649 555.917 
1650 553.464 
1651 551.06 
1652 548.707 
1653 546.405 
1654 544.153 
1655 541.951 
1656 539.8 
1657 537.7 
1658 535.65 
1659 533.651 
1660 531.702 
1661 529.804 
1662 527.956 
1663 526.159 
1664 524.412 
1665 522.716 
1666 521.071 
1667 519.476 
1668 517.931 
1669 516.438 
1670 514.994 
1671 513.602 
1672 512.26 
1673 510.968 
1674 509.727 
1675 508.537 
1676 507.397 
1677 506.307 
1678 505.268 
1679 504.28 
1680 503.342 
1681 502.455 
1682 501.618 
1683 500.832 
1684 500.096 
1685 499.411 
1686 498.776 
1687 498.191 
1688 497.657 
1689 497.173 
1690 496.74 
1691 496.357 
1692 496.025 
1693 495.743 
1694 495.511 
1695 495.329 
1696 495.198 
1697 495.117 
1698 495.086 
1699 495.106 
1700 495.176 
1701 495.295 
1702 495.464 
1703 495.681 
1704 495.946 
1705 496.257 
1706 496.612 
1707 497.013 
1708 497.456 
1709 497.942 
1710 498.469 
1711 499.036 
1712 499.643 
1713 500.287 
1714 500.969 
1715 501.687 
1716 502.44 
1717 503.227 
1718 504.046 
1719 504.898 
1720 505.781 
1721 506.693 
1722 507.634 
1723 508.602 
1724 509.597 
1725 510.618 
1726 511.662 
1727 512.73 
1728 513.82 
1729 514.931 
1730 516.062 
1731 517.212 
1732 518.379 
1733 519.562 
1734 520.761 
1735 521.974 
1736 523.2 
1737 524.438 
1738 525.687 
1739 526.945 
1740 528.212 
1741 529.485 
1742 530.765 
1743 532.049 
1744 533.337 
1745 534.628 
1746 535.919 
1747 537.211 
1748 538.501 
1749 539.789 
1750 541.073 
1751 542.352 
1752 543.625 
1753 544.892 
1754 546.152 
1755 547.404 
1756 548.646 
1757 549.88 
1758 551.102 
1759 552.314 
1760 553.513 
1761 554.7 
1762 555.873 
1763 557.031 
1764 558.175 
1765 559.302 
1766 560.412 
1767 561.505 
1768 562.579 
1769 563.634 
1770 564.668 
1771 565.681 
1772 566.673 
1773 567.642 
1774 568.587 
1775 569.507 
1776 570.403 
1777 571.272 
1778 572.114 
1779 572.928 
1780 573.714 
1781 574.47 
1782 575.195 
1783 575.889 
1784 576.551 
1785 577.179 
1786 577.774 
1787 578.333 
1788 578.857 
1789 579.344 
1790 579.793 
1791 580.203 
1792 580.574 
1793 580.905 
1794 581.194 
1795 581.441 
1796 581.645 
1797 581.805 
1798 581.919 
1799 581.988 
1800 582.01 
1801 581.984 
1802 581.91 
1803 581.789 
1804 581.621 
1805 581.406 
1806 581.145 
1807 580.837 
1808 580.483 
1809 580.083 
1810 579.637 
1811 579.147 
1812 578.611 
1813 578.031 
1814 577.406 
1815 576.737 
1816 576.024 
1817 575.268 
1818 574.468 
1819 573.625 
1820 572.74 
1821 571.812 
1822 570.842 
1823 569.829 
1824 568.776 
1825 567.681 
1826 566.545 
1827 565.368 
1828 564.151 
1829 562.894 
1830 561.597 
1831 560.26 
1832 558.884 
1833 557.47 
1834 556.016 
1835 554.525 
1836 552.995 
1837 551.428 
1838 549.824 
1839 548.182 
1840 546.504 
1841 544.79 
1842 543.039 
1843 541.253 
1844 539.431 
1845 537.575 
1846 535.683 
1847 533.757 
1848 531.798 
1849 529.804 
1850 527.777 
1851 525.717 
1852 523.625 
1853 521.501 
1854 519.348 
1855 517.164 
1856 514.952 
1857 512.712 
1858 510.446 
1859 508.153 
1860 505.835 
1861 503.494 
1862 501.129 
1863 498.742 
1864 496.333 
1865 493.904 
1866 491.455 
1867 488.988 
1868 486.503 
1869 484.002 
1870 481.485 
1871 478.952 
1872 476.407 
1873 473.848 
1874 471.277 
1875 468.696 
1876 466.104 
1877 463.503 
1878 460.895 
1879 458.279 
1880 455.657 
1881 453.031 
1882 450.4 
1883 447.766 
1884 445.13 
1885 442.494 
1886 439.857 
1887 437.221 
1888 434.587 
1889 431.956 
1890 429.33 
1891 426.708 
1892 424.093 
1893 421.485 
1894 418.885 
1895 416.295 
1896 413.715 
1897 411.146 
1898 408.59 
1899 406.047 
1900 403.519 
1901 401.007 
1902 398.511 
1903 396.031 
1904 393.569 
1905 391.123 
1906 388.695 
1907 386.285 
1908 383.894 
1909 381.521 
1910 379.168 
1911 376.834 
1912 374.52 
1913 372.226 
1914 369.953 
1915 367.701 
1916 365.471 
1917 363.262 
1918 361.076 
1919 358.913 
1920 356.772 
1921 354.655 
1922 352.562 
1923 350.493 
1924 348.449 
1925 346.43 
1926 344.437 
1927 342.47 
1928 340.528 
1929 338.614 
1930 336.727 
1931 334.867 
1932 333.035 
1933 331.232 
1934 329.458 
1935 327.713 
1936 325.997 
1937 324.312 
1938 322.657 
1939 321.033 
1940 319.44 
1941 317.879 
1942 316.351 
1943 314.855 
1944 313.392 
1945 311.963 
1946 310.567 
1947 309.207 
1948 307.881 
1949 306.59 
1950 305.335 
1951 304.116 
1952 302.933 
1953 301.785 
1954 300.673 
1955 299.596 
1956 298.553 
1957 297.545 
1958 296.571 
1959 295.632 
1960 294.725 
1961 293.852 
1962 293.012 
1963 292.204 
1964 291.429 
1965 290.686 
1966 289.975 
1967 289.295 
1968 288.646 
1969 288.028 
1970 287.44 
1971 286.883 
1972 286.356 
1973 285.858 
1974 285.389 
1975 284.95 
1976 284.539 
1977 284.156 
1978 283.801 
1979 283.474 
1980 283.174 
1981 282.901 
1982 282.655 
1983 282.435 
1984 282.241 
1985 282.073 
1986 281.93 
1987 281.812 
1988 281.719 
1989 281.65 
1990 281.605 
1991 281.583 
1992 281.585 
1993 281.61 
1994 281.657 
1995 281.726 
1996 281.818 
1997 281.93 
1998 282.064 
1999 282.219 
2000 282.394 
2001 282.589 
2002 282.804 
2003 283.037 
2004 283.289 
2005 283.558 
2006 283.844 
2007 284.146 
2008 284.464 
2009 284.797 
2010 285.145 
2011 285.506 
2012 285.88 
2013 286.267 
2014 286.665 
2015 287.075 
2016 287.495 
2017 287.925 
2018 288.364 
2019 288.812 
2020 289.267 
2021 289.729 
2022 290.198 
2023 290.673 
2024 291.153 
2025 291.637 
2026 292.125 
2027 292.617 
2028 293.11 
2029 293.605 
2030 294.101 
2031 294.598 
2032 295.094 
2033 295.589 
2034 296.082 
2035 296.572 
2036 297.059 
2037 297.543 
2038 298.021 
2039 298.495 
2040 298.962 
2041 299.422 
2042 299.874 
2043 300.319 
2044 300.754 
2045 301.179 
2046 301.594 
2047 301.998 
2048 302.389 
2049 302.768 
2050 303.133 
2051 303.484 
2052 303.821 
2053 304.143 
2054 304.451 
2055 304.744 
2056 305.022 
2057 305.285 
2058 305.533 
2059 305.766 
2060 305.984 
2061 306.187 
2062 306.374 
2063 306.545 
2064 306.701 
2065 306.841 
2066 306.965 
2067 307.073 
2068 307.165 
2069 307.241 
2070 307.301 
2071 307.344 
2072 307.37 
2073 307.38 
2074 307.373 
2075 307.35 
2076 307.309 
2077 307.251 
2078 307.176 
2079 307.084 
2080 306.974 
2081 306.847 
2082 306.702 
2083 306.539 
2084 306.359 
2085 306.16 
2086 305.943 
2087 305.708 
2088 305.455 
2089 305.183 
2090 304.893 
2091 304.584 
2092 304.256 
2093 303.909 
2094 303.543 
2095 303.158 
2096 302.754 
2097 302.331 
2098 301.887 
2099 301.425 
2100 300.942 
2101 300.44 
2102 299.918 
2103 299.377 
2104 298.816 
2105 298.237 
2106 297.64 
2107 297.024 
2108 296.391 
2109 295.739 
2110 295.071 
2111 294.385 
2112 293.683 
2113 292.964 
2114 292.229 
2115 291.478 
2116 290.712 
2117 289.93 
2118 289.133 
2119 288.321 
2120 287.495 
2121 286.655 
2122 285.801 
2123 284.934 
2124 284.053 
2125 283.16 
2126 282.254 
2127 281.336 
2128 280.405 
2129 279.463 
2130 278.51 
2131 277.545 
2132 276.57 
2133 275.585 
2134 274.589 
2135 273.583 
2136 272.568 
2137 271.544 
2138 270.511 
2139 269.47 
2140 268.42 
2141 267.363 
2142 266.297 
2143 265.225 
2144 264.146 
2145 263.06 
2146 261.968 
2147 260.871 
2148 259.767 
2149 258.659 
2150 257.545 
2151 256.427 
2152 255.305 
2153 254.179 
2154 253.049 
2155 251.917 
2156 250.781 
2157 249.643 
2158 248.504 
2159 247.362 
2160 246.22 
2161 245.076 
2162 243.932 
2163 242.788 
2164 241.644 
2165 240.5 
2166 239.358 
2167 238.217 
2168 237.077 
2169 235.94 
2170 234.805 
2171 233.673 
2172 232.545 
2173 231.42 
2174 230.299 
2175 229.182 
2176 228.071 
2177 226.964 
2178 225.863 
2179 224.769 
2180 223.68 
2181 222.599 
2182 221.524 
2183 220.458 
2184 219.399 
2185 218.348 
2186 217.307 
2187 216.275 
2188 215.252 
2189 214.24 
2190 213.237 
2191 212.246 
2192 211.266 
2193 210.298 
2194 209.342 
2195 208.398 
2196 207.468 
2197 206.55 
2198 205.647 
2199 204.758 
2200 203.883 
2201 203.024 
2202 202.179 
2203 201.35 
2204 200.536 
2205 199.737 
2206 198.953 
2207 198.184 
2208 197.43 
2209 196.692 
2210 195.969 
2211 195.261 
2212 194.569 
2213 193.891 
2214 193.229 
2215 192.583 
2216 191.951 
2217 191.335 
2218 190.735 
2219 190.149 
2220 189.579 
2221 189.025 
2222 188.486 
2223 187.962 
2224 187.454 
2225 186.961 
2226 186.484 
2227 186.022 
2228 185.576 
2229 185.145 
2230 184.73 
2231 184.33 
2232 183.946 
2233 183.577 
2234 183.224 
2235 182.887 
2236 182.565 
2237 182.259 
2238 181.969 
2239 181.694 
2240 181.435 
2241 181.192 
2242 180.964 
2243 180.752 
2244 180.556 
2245 180.376 
2246 180.211 
2247 180.062 
2248 179.929 
2249 179.812 
2250 179.71 
2251 179.625 
2252 179.555 
2253 179.5 
2254 179.459 
2255 179.434 
2256 179.422 
2257 179.424 
2258 179.44 
2259 179.468 
2260 179.51 
2261 179.563 
2262 179.629 
2263 179.707 
2264 179.795 
2265 179.895 
2266 180.005 
2267 180.126 
2268 180.256 
2269 180.396 
2270 180.545 
2271 180.702 
2272 180.868 
2273 181.042 
2274 181.224 
2275 181.413 
2276 181.609 
2277 181.812 
2278 182.02 
2279 182.235 
2280 182.454 
2281 182.679 
2282 182.909 
2283 183.142 
2284 183.38 
2285 183.621 
2286 183.865 
2287 184.112 
2288 184.362 
2289 184.613 
2290 184.865 
2291 185.119 
2292 185.374 
2293 185.629 
2294 185.884 
2295 186.138 
2296 186.392 
2297 186.644 
2298 186.895 
2299 187.144 
2300 187.39 
2301 187.633 
2302 187.874 
2303 188.111 
2304 188.345 
2305 188.575 
2306 188.802 
2307 189.025 
2308 189.244 
2309 189.458 
2310 189.669 
2311 189.875 
2312 190.076 
2313 190.273 
2314 190.464 
2315 190.651 
2316 190.832 
2317 191.007 
2318 191.177 
2319 191.342 
2320 191.5 
2321 191.652 
2322 191.798 
2323 191.937 
2324 192.07 
2325 192.196 
2326 192.314 
2327 192.426 
2328 192.53 
2329 192.627 
2330 192.717 
2331 192.798 
2332 192.871 
2333 192.936 
2334 192.993 
2335 193.041 
2336 193.081 
2337 193.111 
2338 193.133 
2339 193.145 
2340 193.148 
2341 193.141 
2342 193.124 
2343 193.098 
2344 193.061 
2345 193.014 
2346 192.956 
2347 192.888 
2348 192.809 
2349 192.718 
2350 192.617 
2351 192.504 
2352 192.379 
2353 192.243 
2354 192.096 
2355 191.938 
2356 191.768 
2357 191.587 
2358 191.396 
2359 191.192 
2360 190.978 
2361 190.753 
2362 190.517 
2363 190.27 
2364 190.012 
2365 189.743 
2366 189.464 
2367 189.173 
2368 188.872 
2369 188.56 
2370 188.238 
2371 187.905 
2372 187.562 
2373 187.208 
2374 186.843 
2375 186.469 
2376 186.083 
2377 185.688 
2378 185.282 
2379 184.866 
2380 184.44 
2381 184.004 
2382 183.558 
2383 183.102 
2384 182.636 
2385 182.159 
2386 181.673 
2387 181.178 
2388 180.672 
2389 180.157 
2390 179.632 
2391 179.097 
2392 178.553 
2393 178 
2394 177.436 
2395 176.864 
2396 176.282 
2397 175.691 
2398 175.09 
2399 174.48 
2400 173.862 
2401 173.234 
2402 172.597 
2403 171.952 
2404 171.298 
2405 170.636 
2406 169.967 
2407 169.29 
2408 168.606 
2409 167.915 
2410 167.217 
2411 166.513 
2412 165.802 
2413 165.086 
2414 164.364 
2415 163.638 
2416 162.906 
2417 162.169 
2418 161.428 
2419 160.682 
2420 159.933 
2421 159.181 
2422 158.424 
2423 157.665 
2424 156.904 
2425 156.139 
2426 155.373 
2427 154.605 
2428 153.835 
2429 153.064 
2430 152.292 
2431 151.519 
2432 150.746 
2433 149.973 
2434 149.2 
2435 148.428 
2436 147.656 
2437 146.886 
2438 146.116 
2439 145.349 
2440 144.584 
2441 143.821 
2442 143.06 
2443 142.303 
2444 141.548 
2445 140.798 
2446 140.051 
2447 139.308 
2448 138.57 
2449 137.836 
2450 137.108 
2451 136.385 
2452 135.668 
2453 134.955 
2454 134.248 
2455 133.545 
2456 132.848 
2457 132.155 
2458 131.466 
2459 130.782 
2460 130.103 
2461 129.427 
2462 128.756 
2463 128.089 
2464 127.425 
2465 126.765 
2466 126.109 
2467 125.456 
2468 124.807 
2469 124.161 
2470 123.518 
2471 122.878 
2472 122.24 
2473 121.606 
2474 120.974 
2475 120.344 
2476 119.717 
2477 119.091 
2478 118.468 
2479 117.847 
2480 117.228 
2481 116.61 
2482 115.994 
2483 115.379 
2484 114.765 
2485 114.153 
2486 113.541 
2487 112.931 
2488 112.321 
2489 111.711 
2490 111.102 
2491 110.494 
2492 109.885 
2493 109.277 
2494 108.668 
2495 108.06 
2496 107.451 
2497 106.841 
2498 106.231 
2499 105.62 
2500 105.007 
