2 11.8991 
3 20.3322 
4 30.1564 
5 41.5856 
6 54.3304 
7 67.598 
8 81.7947 
9 96.5235 
10 111.631 
11 127.276 
12 143.327 
13 159.484 
14 175.641 
15 191.789 
16 207.947 
17 224.119 
18 240.312 
19 256.536 
20 272.801 
21 289.11 
22 305.445 
23 321.761 
24 337.996 
25 354.056 
26 369.841 
27 385.331 
28 400.531 
29 415.455 
30 430.121 
31 444.55 
32 458.747 
33 472.711 
34 486.437 
35 499.918 
36 513.142 
37 526.094 
38 538.75 
39 551.082 
40 563.054 
41 574.631 
42 585.807 
43 596.588 
44 606.978 
45 616.984 
46 626.613 
47 635.872 
48 644.769 
49 653.311 
50 661.509 
51 669.368 
52 676.897 
53 684.101 
54 690.987 
55 697.559 
56 703.821 
57 709.776 
58 715.426 
59 720.77 
60 725.807 
61 730.537 
62 734.962 
63 739.091 
64 742.926 
65 746.474 
66 749.737 
67 752.719 
68 755.42 
69 757.841 
70 759.982 
71 761.843 
72 763.427 
73 764.741 
74 765.792 
75 766.584 
76 767.121 
77 767.409 
78 767.449 
79 767.246 
80 766.8 
81 766.114 
82 765.196 
83 764.054 
84 762.697 
85 761.134 
86 759.374 
87 757.423 
88 755.291 
89 752.985 
90 750.512 
91 747.88 
92 745.096 
93 742.166 
94 739.099 
95 735.901 
96 732.577 
97 729.134 
98 725.577 
99 721.911 
100 718.14 
101 714.268 
102 710.303 
103 706.253 
104 702.124 
105 697.925 
106 693.662 
107 689.342 
108 684.971 
109 680.556 
110 676.101 
111 671.612 
112 667.095 
113 662.553 
114 657.99 
115 653.411 
116 648.817 
117 644.213 
118 639.6 
119 634.979 
120 630.352 
121 625.719 
122 621.088 
123 616.462 
124 611.849 
125 607.253 
126 602.68 
127 598.136 
128 593.624 
129 589.151 
130 584.719 
131 580.334 
132 575.999 
133 571.718 
134 567.493 
135 563.328 
136 559.225 
137 555.187 
138 551.215 
139 547.311 
140 543.475 
141 539.71 
142 536.019 
143 532.405 
144 528.873 
145 525.425 
146 522.065 
147 518.796 
148 515.62 
149 512.54 
150 509.558 
151 506.677 
152 503.898 
153 501.222 
154 498.651 
155 496.185 
156 493.826 
157 491.572 
158 489.426 
159 487.385 
160 485.45 
161 483.621 
162 481.897 
163 480.282 
164 478.776 
165 477.381 
166 476.098 
167 474.928 
168 473.87 
169 472.927 
170 472.097 
171 471.382 
172 470.78 
173 470.291 
174 469.914 
175 469.649 
176 469.494 
177 469.448 
178 469.508 
179 469.674 
180 469.942 
181 470.311 
182 470.781 
183 471.352 
184 472.023 
185 472.795 
186 473.668 
187 474.642 
188 475.715 
189 476.888 
190 478.159 
191 479.528 
192 480.993 
193 482.554 
194 484.208 
195 485.953 
196 487.789 
197 489.714 
198 491.724 
199 493.818 
200 495.992 
201 498.246 
202 500.577 
203 502.985 
204 505.468 
205 508.027 
206 510.659 
207 513.363 
208 516.139 
209 518.984 
210 521.897 
211 524.876 
212 527.919 
213 531.025 
214 534.19 
215 537.414 
216 540.693 
217 544.025 
218 547.408 
219 550.838 
220 554.313 
221 557.829 
222 561.384 
223 564.974 
224 568.595 
225 572.245 
226 575.919 
227 579.615 
228 583.334 
229 587.072 
230 590.83 
231 594.604 
232 598.395 
233 602.199 
234 606.016 
235 609.843 
236 613.68 
237 617.523 
238 621.372 
239 625.224 
240 629.076 
241 632.928 
242 636.776 
243 640.619 
244 644.454 
245 648.279 
246 652.091 
247 655.888 
248 659.667 
249 663.425 
250 667.16 
251 670.87 
252 674.552 
253 678.205 
254 681.828 
255 685.421 
256 688.98 
257 692.507 
258 695.997 
259 699.452 
260 702.869 
261 706.246 
262 709.582 
263 712.877 
264 716.127 
265 719.332 
266 722.491 
267 725.601 
268 728.662 
269 731.67 
270 734.626 
271 737.527 
272 740.371 
273 743.158 
274 745.884 
275 748.548 
276 751.15 
277 753.687 
278 756.159 
279 758.566 
280 760.907 
281 763.181 
282 765.388 
283 767.527 
284 769.597 
285 771.598 
286 773.529 
287 775.39 
288 777.179 
289 778.897 
290 780.543 
291 782.116 
292 783.616 
293 785.042 
294 786.394 
295 787.671 
296 788.872 
297 789.998 
298 791.047 
299 792.02 
300 792.915 
301 793.732 
302 794.472 
303 795.134 
304 795.718 
305 796.225 
306 796.655 
307 797.009 
308 797.285 
309 797.485 
310 797.609 
311 797.656 
312 797.629 
313 797.526 
314 797.348 
315 797.096 
316 796.77 
317 796.371 
318 795.899 
319 795.354 
320 794.738 
321 794.05 
322 793.291 
323 792.463 
324 791.565 
325 790.599 
326 789.564 
327 788.463 
328 787.295 
329 786.062 
330 784.764 
331 783.402 
332 781.978 
333 780.491 
334 778.944 
335 777.336 
336 775.67 
337 773.946 
338 772.166 
339 770.33 
340 768.439 
341 766.496 
342 764.5 
343 762.454 
344 760.359 
345 758.216 
346 756.026 
347 753.791 
348 751.513 
349 749.192 
350 746.831 
351 744.43 
352 741.991 
353 739.515 
354 737.003 
355 734.454 
356 731.871 
357 729.255 
358 726.605 
359 723.924 
360 721.212 
361 718.47 
362 715.7 
363 712.902 
364 710.077 
365 707.227 
366 704.352 
367 701.455 
368 698.535 
369 695.594 
370 692.634 
371 689.656 
372 686.66 
373 683.649 
374 680.623 
375 677.583 
376 674.532 
377 671.47 
378 668.4 
379 665.321 
380 662.236 
381 659.146 
382 656.053 
383 652.959 
384 649.863 
385 646.769 
386 643.678 
387 640.591 
388 637.51 
389 634.437 
390 631.373 
391 628.32 
392 625.28 
393 622.254 
394 619.244 
395 616.253 
396 613.281 
397 610.331 
398 607.404 
399 604.503 
400 601.629 
401 598.784 
402 595.968 
403 593.183 
404 590.429 
405 587.707 
406 585.016 
407 582.358 
408 579.733 
409 577.141 
410 574.584 
411 572.061 
412 569.574 
413 567.122 
414 564.706 
415 562.328 
416 559.986 
417 557.682 
418 555.417 
419 553.19 
420 551.003 
421 548.855 
422 546.748 
423 544.681 
424 542.656 
425 540.673 
426 538.731 
427 536.833 
428 534.978 
429 533.166 
430 531.398 
431 529.675 
432 527.997 
433 526.365 
434 524.778 
435 523.238 
436 521.744 
437 520.298 
438 518.9 
439 517.549 
440 516.247 
441 514.994 
442 513.791 
443 512.637 
444 511.533 
445 510.48 
446 509.478 
447 508.527 
448 507.628 
449 506.781 
450 505.986 
451 505.245 
452 504.555 
453 503.919 
454 503.334 
455 502.801 
456 502.32 
457 501.89 
458 501.511 
459 501.182 
460 500.904 
461 500.676 
462 500.497 
463 500.367 
464 500.286 
465 500.253 
466 500.267 
467 500.329 
468 500.438 
469 500.594 
470 500.795 
471 501.041 
472 501.332 
473 501.667 
474 502.045 
475 502.467 
476 502.93 
477 503.435 
478 503.982 
479 504.568 
480 505.194 
481 505.859 
482 506.562 
483 507.302 
484 508.079 
485 508.891 
486 509.739 
487 510.62 
488 511.535 
489 512.482 
490 513.461 
491 514.47 
492 515.508 
493 516.576 
494 517.671 
495 518.792 
496 519.939 
497 521.111 
498 522.307 
499 523.525 
500 524.764 
501 526.024 
502 527.303 
503 528.601 
504 529.918 
505 531.252 
506 532.603 
507 533.971 
508 535.354 
509 536.752 
510 538.164 
511 539.59 
512 541.028 
513 542.479 
514 543.94 
515 545.412 
516 546.893 
517 548.383 
518 549.881 
519 551.385 
520 552.896 
521 554.413 
522 555.933 
523 557.457 
524 558.984 
525 560.512 
526 562.041 
527 563.569 
528 565.096 
529 566.621 
530 568.143 
531 569.66 
532 571.172 
533 572.677 
534 574.175 
535 575.665 
536 577.144 
537 578.613 
538 580.07 
539 581.514 
540 582.944 
541 584.358 
542 585.756 
543 587.136 
544 588.497 
545 589.837 
546 591.156 
547 592.452 
548 593.725 
549 594.971 
550 596.191 
551 597.383 
552 598.547 
553 599.682 
554 600.789 
555 601.865 
556 602.913 
557 603.93 
558 604.917 
559 605.874 
560 606.799 
561 607.694 
562 608.557 
563 609.388 
564 610.187 
565 610.953 
566 611.687 
567 612.387 
568 613.054 
569 613.688 
570 614.287 
571 614.851 
572 615.381 
573 615.876 
574 616.335 
575 616.758 
576 617.145 
577 617.496 
578 617.81 
579 618.086 
580 618.325 
581 618.527 
582 618.69 
583 618.814 
584 618.899 
585 618.946 
586 618.952 
587 618.919 
588 618.845 
589 618.731 
590 618.575 
591 618.378 
592 618.14 
593 617.859 
594 617.535 
595 617.169 
596 616.76 
597 616.307 
598 615.81 
599 615.269 
600 614.683 
601 614.052 
602 613.376 
603 612.656 
604 611.892 
605 611.083 
606 610.231 
607 609.336 
608 608.398 
609 607.417 
610 606.395 
611 605.33 
612 604.223 
613 603.076 
614 601.887 
615 600.659 
616 599.39 
617 598.081 
618 596.734 
619 595.347 
620 593.922 
621 592.459 
622 590.959 
623 589.422 
624 587.847 
625 586.237 
626 584.591 
627 582.91 
628 581.194 
629 579.444 
630 577.66 
631 575.843 
632 573.993 
633 572.111 
634 570.198 
635 568.253 
636 566.278 
637 564.273 
638 562.238 
639 560.175 
640 558.083 
641 555.964 
642 553.817 
643 551.645 
644 549.446 
645 547.223 
646 544.974 
647 542.703 
648 540.407 
649 538.09 
650 535.75 
651 533.389 
652 531.008 
653 528.606 
654 526.186 
655 523.746 
656 521.288 
657 518.812 
658 516.318 
659 513.809 
660 511.283 
661 508.742 
662 506.186 
663 503.616 
664 501.033 
665 498.437 
666 495.828 
667 493.208 
668 490.578 
669 487.937 
670 485.286 
671 482.627 
672 479.96 
673 477.285 
674 474.604 
675 471.916 
676 469.224 
677 466.527 
678 463.826 
679 461.122 
680 458.416 
681 455.709 
682 453.001 
683 450.293 
684 447.586 
685 444.881 
686 442.178 
687 439.478 
688 436.783 
689 434.093 
690 431.409 
691 428.731 
692 426.061 
693 423.399 
694 420.747 
695 418.105 
696 415.474 
697 412.855 
698 410.249 
699 407.657 
700 405.079 
701 402.518 
702 399.972 
703 397.442 
704 394.93 
705 392.434 
706 389.955 
707 387.494 
708 385.05 
709 382.625 
710 380.218 
711 377.83 
712 375.461 
713 373.112 
714 370.782 
715 368.472 
716 366.182 
717 363.913 
718 361.665 
719 359.438 
720 357.233 
721 355.05 
722 352.889 
723 350.75 
724 348.635 
725 346.542 
726 344.473 
727 342.428 
728 340.407 
729 338.411 
730 336.439 
731 334.493 
732 332.572 
733 330.677 
734 328.809 
735 326.966 
736 325.151 
737 323.363 
738 321.603 
739 319.87 
740 318.166 
741 316.49 
742 314.843 
743 313.226 
744 311.638 
745 310.081 
746 308.553 
747 307.057 
748 305.591 
749 304.157 
750 302.755 
751 301.385 
752 300.047 
753 298.741 
754 297.466 
755 296.223 
756 295.012 
757 293.831 
758 292.682 
759 291.564 
760 290.476 
761 289.419 
762 288.392 
763 287.395 
764 286.428 
765 285.491 
766 284.584 
767 283.705 
768 282.856 
769 282.036 
770 281.244 
771 280.48 
772 279.745 
773 279.038 
774 278.358 
775 277.706 
776 277.081 
777 276.483 
778 275.912 
779 275.367 
780 274.848 
781 274.355 
782 273.887 
783 273.445 
784 273.028 
785 272.636 
786 272.268 
787 271.924 
788 271.604 
789 271.307 
790 271.034 
791 270.783 
792 270.555 
793 270.35 
794 270.166 
795 270.003 
796 269.862 
797 269.742 
798 269.642 
799 269.563 
800 269.503 
801 269.462 
802 269.441 
803 269.438 
804 269.453 
805 269.487 
806 269.538 
807 269.606 
808 269.691 
809 269.792 
810 269.91 
811 270.043 
812 270.191 
813 270.354 
814 270.531 
815 270.722 
816 270.927 
817 271.145 
818 271.375 
819 271.618 
820 271.872 
821 272.138 
822 272.415 
823 272.702 
824 272.999 
825 273.305 
826 273.62 
827 273.944 
828 274.276 
829 274.615 
830 274.962 
831 275.315 
832 275.673 
833 276.038 
834 276.407 
835 276.781 
836 277.159 
837 277.54 
838 277.924 
839 278.31 
840 278.698 
841 279.087 
842 279.477 
843 279.867 
844 280.256 
845 280.645 
846 281.031 
847 281.416 
848 281.797 
849 282.175 
850 282.55 
851 282.919 
852 283.284 
853 283.643 
854 283.998 
855 284.346 
856 284.69 
857 285.027 
858 285.358 
859 285.683 
860 286.001 
861 286.313 
862 286.618 
863 286.916 
864 287.206 
865 287.488 
866 287.763 
867 288.03 
868 288.289 
869 288.539 
870 288.78 
871 289.013 
872 289.236 
873 289.45 
874 289.654 
875 289.848 
876 290.033 
877 290.207 
878 290.37 
879 290.522 
880 290.664 
881 290.794 
882 290.912 
883 291.019 
884 291.113 
885 291.195 
886 291.265 
887 291.321 
888 291.365 
889 291.395 
890 291.412 
891 291.414 
892 291.403 
893 291.377 
894 291.336 
895 291.28 
896 291.209 
897 291.123 
898 291.02 
899 290.902 
900 290.767 
901 290.615 
902 290.447 
903 290.263 
904 290.062 
905 289.845 
906 289.612 
907 289.363 
908 289.097 
909 288.817 
910 288.52 
911 288.208 
912 287.881 
913 287.538 
914 287.18 
915 286.807 
916 286.419 
917 286.016 
918 285.599 
919 285.167 
920 284.721 
921 284.261 
922 283.786 
923 283.297 
924 282.795 
925 282.279 
926 281.75 
927 281.207 
928 280.651 
929 280.081 
930 279.499 
931 278.904 
932 278.297 
933 277.677 
934 277.044 
935 276.4 
936 275.743 
937 275.075 
938 274.395 
939 273.704 
940 273.001 
941 272.287 
942 271.563 
943 270.827 
944 270.081 
945 269.324 
946 268.558 
947 267.781 
948 266.994 
949 266.197 
950 265.392 
951 264.576 
952 263.752 
953 262.919 
954 262.077 
955 261.227 
956 260.369 
957 259.503 
958 258.63 
959 257.749 
960 256.861 
961 255.967 
962 255.066 
963 254.159 
964 253.246 
965 252.327 
966 251.403 
967 250.474 
968 249.541 
969 248.602 
970 247.66 
971 246.713 
972 245.763 
973 244.809 
974 243.853 
975 242.894 
976 241.932 
977 240.968 
978 240.003 
979 239.035 
980 238.067 
981 237.098 
982 236.128 
983 235.158 
984 234.188 
985 233.219 
986 232.25 
987 231.282 
988 230.316 
989 229.352 
990 228.389 
991 227.429 
992 226.472 
993 225.518 
994 224.568 
995 223.621 
996 222.678 
997 221.74 
998 220.807 
999 219.879 
1000 218.957 
1001 218.041 
1002 217.13 
1003 216.226 
1004 215.329 
1005 214.438 
1006 213.553 
1007 212.676 
1008 211.805 
1009 210.941 
1010 210.085 
1011 209.236 
1012 208.394 
1013 207.56 
1014 206.733 
1015 205.915 
1016 205.104 
1017 204.301 
1018 203.507 
1019 202.721 
1020 201.944 
1021 201.176 
1022 200.416 
1023 199.665 
1024 198.924 
1025 198.191 
1026 197.468 
1027 196.755 
1028 196.052 
1029 195.358 
1030 194.674 
1031 194 
1032 193.337 
1033 192.684 
1034 192.042 
1035 191.411 
1036 190.79 
1037 190.181 
1038 189.583 
1039 188.996 
1040 188.421 
1041 187.857 
1042 187.305 
1043 186.765 
1044 186.238 
1045 185.723 
1046 185.22 
1047 184.73 
1048 184.253 
1049 183.788 
1050 183.337 
1051 182.899 
1052 182.475 
1053 182.063 
1054 181.664 
1055 181.279 
1056 180.906 
1057 180.546 
1058 180.199 
1059 179.864 
1060 179.542 
1061 179.232 
1062 178.934 
1063 178.648 
1064 178.375 
1065 178.113 
1066 177.863 
1067 177.625 
1068 177.399 
1069 177.184 
1070 176.98 
1071 176.788 
1072 176.607 
1073 176.437 
1074 176.277 
1075 176.129 
1076 175.991 
1077 175.864 
1078 175.748 
1079 175.641 
1080 175.545 
1081 175.459 
1082 175.383 
1083 175.317 
1084 175.26 
1085 175.213 
1086 175.175 
1087 175.147 
1088 175.128 
1089 175.117 
1090 175.116 
1091 175.124 
1092 175.14 
1093 175.164 
1094 175.197 
1095 175.238 
1096 175.287 
1097 175.344 
1098 175.409 
1099 175.481 
1100 175.561 
1101 175.648 
1102 175.742 
1103 175.843 
1104 175.951 
1105 176.065 
1106 176.186 
1107 176.312 
1108 176.445 
1109 176.583 
1110 176.727 
1111 176.876 
1112 177.03 
1113 177.19 
1114 177.353 
1115 177.522 
1116 177.694 
1117 177.871 
1118 178.051 
1119 178.236 
1120 178.423 
1121 178.614 
1122 178.807 
1123 179.004 
1124 179.202 
1125 179.403 
1126 179.607 
1127 179.811 
1128 180.018 
1129 180.226 
1130 180.435 
1131 180.644 
1132 180.855 
1133 181.066 
1134 181.277 
1135 181.487 
1136 181.698 
1137 181.908 
1138 182.117 
1139 182.324 
1140 182.531 
1141 182.736 
1142 182.939 
1143 183.14 
1144 183.338 
1145 183.534 
1146 183.727 
1147 183.917 
1148 184.103 
1149 184.285 
1150 184.464 
1151 184.638 
1152 184.808 
1153 184.973 
1154 185.134 
1155 185.29 
1156 185.441 
1157 185.588 
1158 185.729 
1159 185.866 
1160 185.997 
1161 186.122 
1162 186.243 
1163 186.358 
1164 186.467 
1165 186.57 
1166 186.668 
1167 186.759 
1168 186.845 
1169 186.924 
1170 186.997 
1171 187.064 
1172 187.124 
1173 187.177 
1174 187.224 
1175 187.264 
1176 187.297 
1177 187.322 
1178 187.341 
1179 187.352 
1180 187.355 
1181 187.352 
1182 187.34 
1183 187.32 
1184 187.293 
1185 187.258 
1186 187.214 
1187 187.162 
1188 187.102 
1189 187.033 
1190 186.955 
1191 186.869 
1192 186.773 
1193 186.669 
1194 186.555 
1195 186.433 
1196 186.3 
1197 186.158 
1198 186.007 
1199 185.845 
1200 185.674 
1201 185.492 
1202 185.301 
1203 185.1 
1204 184.888 
1205 184.667 
1206 184.436 
1207 184.196 
1208 183.945 
1209 183.685 
1210 183.416 
1211 183.137 
1212 182.849 
1213 182.552 
1214 182.245 
1215 181.93 
1216 181.605 
1217 181.271 
1218 180.928 
1219 180.577 
1220 180.217 
1221 179.848 
1222 179.47 
1223 179.084 
1224 178.69 
1225 178.287 
1226 177.875 
1227 177.456 
1228 177.028 
1229 176.593 
1230 176.149 
1231 175.698 
1232 175.239 
1233 174.772 
1234 174.297 
1235 173.815 
1236 173.326 
1237 172.829 
1238 172.324 
1239 171.813 
1240 171.295 
1241 170.769 
1242 170.237 
1243 169.698 
1244 169.152 
1245 168.599 
1246 168.04 
1247 167.475 
1248 166.903 
1249 166.324 
1250 165.74 
1251 165.15 
1252 164.554 
1253 163.952 
1254 163.344 
1255 162.731 
1256 162.113 
1257 161.489 
1258 160.86 
1259 160.227 
1260 159.589 
1261 158.946 
1262 158.299 
1263 157.648 
1264 156.992 
1265 156.333 
1266 155.67 
1267 155.003 
1268 154.333 
1269 153.66 
1270 152.983 
1271 152.304 
1272 151.622 
1273 150.937 
1274 150.25 
1275 149.56 
1276 148.869 
1277 148.175 
1278 147.48 
1279 146.783 
1280 146.085 
1281 145.385 
1282 144.685 
1283 143.984 
1284 143.282 
1285 142.579 
1286 141.876 
1287 141.173 
1288 140.47 
1289 139.768 
1290 139.066 
1291 138.364 
1292 137.663 
1293 136.963 
1294 136.264 
1295 135.567 
1296 134.871 
1297 134.177 
1298 133.485 
1299 132.796 
1300 132.108 
1301 131.423 
1302 130.741 
1303 130.061 
1304 129.384 
1305 128.71 
1306 128.039 
1307 127.372 
1308 126.707 
1309 126.046 
1310 125.388 
1311 124.733 
1312 124.082 
1313 123.435 
1314 122.791 
1315 122.152 
1316 121.516 
1317 120.884 
1318 120.256 
1319 119.633 
1320 119.014 
1321 118.399 
1322 117.789 
1323 117.183 
1324 116.582 
1325 115.986 
1326 115.395 
1327 114.809 
1328 114.228 
1329 113.652 
1330 113.082 
1331 112.516 
1332 111.957 
1333 111.403 
1334 110.855 
1335 110.312 
1336 109.776 
1337 109.245 
1338 108.721 
1339 108.203 
1340 107.691 
1341 107.186 
1342 106.688 
1343 106.196 
1344 105.711 
1345 105.232 
1346 104.761 
1347 104.297 
1348 103.84 
1349 103.391 
1350 102.948 
1351 102.514 
1352 102.087 
1353 101.667 
1354 101.255 
1355 100.851 
1356 100.454 
1357 100.064 
1358 99.6814 
1359 99.3062 
1360 98.9384 
1361 98.5778 
1362 98.2244 
1363 97.8782 
1364 97.5391 
1365 97.2072 
1366 96.8823 
1367 96.5645 
1368 96.2536 
1369 95.9498 
1370 95.6528 
1371 95.3628 
1372 95.0796 
1373 94.8033 
1374 94.5337 
1375 94.2708 
1376 94.0147 
1377 93.7652 
1378 93.5224 
1379 93.2861 
1380 93.0564 
1381 92.8332 
1382 92.6165 
1383 92.4062 
1384 92.2022 
1385 92.0046 
1386 91.8133 
1387 91.6282 
1388 91.4494 
1389 91.2767 
1390 91.1102 
1391 90.9497 
1392 90.7952 
1393 90.6468 
1394 90.5042 
1395 90.3676 
1396 90.2368 
1397 90.1119 
1398 89.9927 
1399 89.8791 
1400 89.7713 
1401 89.6691 
1402 89.5723 
1403 89.481 
1404 89.395 
1405 89.3143 
1406 89.2387 
1407 89.168 
1408 89.1024 
1409 89.0415 
1410 88.9854 
1411 88.9339 
1412 88.8869 
1413 88.8443 
1414 88.8061 
1415 88.772 
1416 88.7421 
1417 88.7161 
1418 88.6941 
1419 88.6758 
1420 88.6612 
1421 88.6501 
1422 88.6426 
1423 88.6383 
1424 88.6373 
1425 88.6395 
1426 88.6446 
1427 88.6526 
1428 88.6635 
1429 88.677 
1430 88.693 
1431 88.7115 
1432 88.7323 
1433 88.7554 
1434 88.7805 
1435 88.8076 
1436 88.8365 
1437 88.8672 
1438 88.8995 
1439 88.9333 
1440 88.9684 
1441 89.0048 
1442 89.0424 
1443 89.0809 
1444 89.1203 
1445 89.1604 
1446 89.2012 
1447 89.2425 
1448 89.2841 
1449 89.326 
1450 89.368 
1451 89.41 
1452 89.4519 
1453 89.4937 
1454 89.5352 
1455 89.5765 
1456 89.6175 
1457 89.658 
1458 89.698 
1459 89.7375 
1460 89.7764 
1461 89.8147 
1462 89.8522 
1463 89.8888 
1464 89.9246 
1465 89.9594 
1466 89.9933 
1467 90.026 
1468 90.0576 
1469 90.0879 
1470 90.1169 
1471 90.1446 
1472 90.1708 
1473 90.1955 
1474 90.2187 
1475 90.2401 
1476 90.2598 
1477 90.2778 
1478 90.2938 
1479 90.3079 
1480 90.32 
1481 90.3299 
1482 90.3377 
1483 90.3432 
1484 90.3464 
1485 90.3472 
1486 90.3455 
1487 90.3412 
1488 90.3343 
1489 90.3247 
1490 90.3123 
1491 90.297 
1492 90.2787 
1493 90.2575 
1494 90.2331 
1495 90.2055 
1496 90.1746 
1497 90.1404 
1498 90.1028 
1499 90.0617 
1500 90.0169 
1501 89.9685 
1502 89.9164 
1503 89.8607 
1504 89.8013 
1505 89.7383 
1506 89.6717 
1507 89.6015 
1508 89.5278 
1509 89.4505 
1510 89.3696 
1511 89.2852 
1512 89.1973 
1513 89.106 
1514 89.0111 
1515 88.9128 
1516 88.811 
1517 88.7058 
1518 88.5972 
1519 88.4852 
1520 88.3698 
1521 88.2511 
1522 88.1291 
1523 88.0037 
1524 87.875 
1525 87.743 
1526 87.6078 
1527 87.4693 
1528 87.3275 
1529 87.1826 
1530 87.0345 
1531 86.8832 
1532 86.7287 
1533 86.5711 
1534 86.4104 
1535 86.2466 
1536 86.0797 
1537 85.9097 
1538 85.7367 
1539 85.5607 
1540 85.3817 
1541 85.1997 
1542 85.0148 
1543 84.8269 
1544 84.6361 
1545 84.4424 
1546 84.2458 
1547 84.0464 
1548 83.8442 
1549 83.6391 
1550 83.4313 
1551 83.2206 
1552 83.0073 
1553 82.7914 
1554 82.5728 
1555 82.3518 
1556 82.1283 
1557 81.9023 
1558 81.6741 
1559 81.4436 
1560 81.2109 
1561 80.9761 
1562 80.7392 
1563 80.5002 
1564 80.2594 
1565 80.0167 
1566 79.7721 
1567 79.5259 
1568 79.2779 
1569 79.0283 
1570 78.7773 
1571 78.5247 
1572 78.2707 
1573 78.0154 
1574 77.7589 
1575 77.5011 
1576 77.2423 
1577 76.9824 
1578 76.7215 
1579 76.4596 
1580 76.197 
1581 75.9336 
1582 75.6695 
1583 75.4047 
1584 75.1395 
1585 74.8737 
1586 74.6076 
1587 74.3411 
1588 74.0743 
1589 73.8074 
1590 73.5404 
1591 73.2734 
1592 73.0064 
1593 72.7395 
1594 72.4729 
1595 72.2065 
1596 71.9405 
1597 71.6749 
1598 71.4098 
1599 71.1453 
1600 70.8815 
1601 70.6184 
1602 70.3562 
1603 70.0947 
1604 69.8342 
1605 69.5745 
1606 69.3158 
1607 69.0581 
1608 68.8015 
1609 68.5459 
1610 68.2915 
1611 68.0382 
1612 67.7862 
1613 67.5354 
1614 67.2859 
1615 67.0378 
1616 66.791 
1617 66.5457 
1618 66.3019 
1619 66.0595 
1620 65.8188 
1621 65.5796 
1622 65.3421 
1623 65.1063 
1624 64.8723 
1625 64.64 
1626 64.4096 
1627 64.1811 
1628 63.9545 
1629 63.7299 
1630 63.5072 
1631 63.2867 
1632 63.0683 
1633 62.852 
1634 62.638 
1635 62.4262 
1636 62.2167 
1637 62.0096 
1638 61.8049 
1639 61.6026 
1640 61.4028 
1641 61.2056 
1642 61.0109 
1643 60.8189 
1644 60.6297 
1645 60.4431 
1646 60.2593 
1647 60.0784 
1648 59.9004 
1649 59.7253 
1650 59.5533 
1651 59.3842 
1652 59.2182 
1653 59.0552 
1654 58.8952 
1655 58.7382 
1656 58.5842 
1657 58.4332 
1658 58.2851 
1659 58.1399 
1660 57.9977 
1661 57.8584 
1662 57.722 
1663 57.5884 
1664 57.4578 
1665 57.33 
1666 57.205 
1667 57.0828 
1668 56.9635 
1669 56.847 
1670 56.7332 
1671 56.6222 
1672 56.514 
1673 56.4085 
1674 56.3057 
1675 56.2057 
1676 56.1083 
1677 56.0136 
1678 55.9216 
1679 55.8322 
1680 55.7454 
1681 55.6612 
1682 55.5797 
1683 55.5007 
1684 55.4243 
1685 55.3504 
1686 55.279 
1687 55.2102 
1688 55.1439 
1689 55.08 
1690 55.0186 
1691 54.9597 
1692 54.9031 
1693 54.849 
1694 54.7973 
1695 54.748 
1696 54.701 
1697 54.6563 
1698 54.614 
1699 54.574 
1700 54.5362 
1701 54.5007 
1702 54.4675 
1703 54.4364 
1704 54.4074 
1705 54.3806 
1706 54.3557 
1707 54.3329 
1708 54.312 
1709 54.2929 
1710 54.2757 
1711 54.2604 
1712 54.2467 
1713 54.2348 
1714 54.2245 
1715 54.2158 
1716 54.2087 
1717 54.203 
1718 54.1989 
1719 54.1961 
1720 54.1946 
1721 54.1945 
1722 54.1956 
1723 54.1979 
1724 54.2014 
1725 54.206 
1726 54.2116 
1727 54.2181 
1728 54.2257 
1729 54.2341 
1730 54.2433 
1731 54.2534 
1732 54.2641 
1733 54.2755 
1734 54.2876 
1735 54.3002 
1736 54.3133 
1737 54.3269 
1738 54.3408 
1739 54.3552 
1740 54.3698 
1741 54.3846 
1742 54.3996 
1743 54.4148 
1744 54.43 
1745 54.4452 
1746 54.4603 
1747 54.4754 
1748 54.4902 
1749 54.5049 
1750 54.5193 
1751 54.5333 
1752 54.547 
1753 54.5603 
1754 54.5731 
1755 54.5855 
1756 54.5973 
1757 54.6086 
1758 54.6194 
1759 54.6295 
1760 54.6391 
1761 54.6479 
1762 54.6561 
1763 54.6635 
1764 54.6701 
1765 54.6759 
1766 54.6809 
1767 54.6851 
1768 54.6883 
1769 54.6906 
1770 54.6919 
1771 54.6921 
1772 54.6914 
1773 54.6895 
1774 54.6866 
1775 54.6824 
1776 54.6771 
1777 54.6706 
1778 54.6628 
1779 54.6537 
1780 54.6433 
1781 54.6315 
1782 54.6183 
1783 54.6036 
1784 54.5875 
1785 54.5698 
1786 54.5506 
1787 54.5298 
1788 54.5074 
1789 54.4833 
1790 54.4575 
1791 54.4299 
1792 54.4006 
1793 54.3695 
1794 54.3364 
1795 54.3015 
1796 54.2647 
1797 54.2259 
1798 54.185 
1799 54.1421 
1800 54.0971 
1801 54.05 
1802 54.0008 
1803 53.9494 
1804 53.896 
1805 53.8404 
1806 53.7827 
1807 53.723 
1808 53.6612 
1809 53.5973 
1810 53.5313 
1811 53.4633 
1812 53.3933 
1813 53.3212 
1814 53.247 
1815 53.1709 
1816 53.0928 
1817 53.0126 
1818 52.9304 
1819 52.8463 
1820 52.7602 
1821 52.6721 
1822 52.5821 
1823 52.4901 
1824 52.3961 
1825 52.3003 
1826 52.2025 
1827 52.1028 
1828 52.0012 
1829 51.8977 
1830 51.7923 
1831 51.685 
1832 51.5758 
1833 51.4648 
1834 51.352 
1835 51.2373 
1836 51.1208 
1837 51.0024 
1838 50.8823 
1839 50.7603 
1840 50.6366 
1841 50.5111 
1842 50.3838 
1843 50.2547 
1844 50.1239 
1845 49.9914 
1846 49.8571 
1847 49.7211 
1848 49.5834 
1849 49.444 
1850 49.3029 
1851 49.1601 
1852 49.0157 
1853 48.8697 
1854 48.7221 
1855 48.5729 
1856 48.4222 
1857 48.27 
1858 48.1164 
1859 47.9613 
1860 47.8049 
1861 47.647 
1862 47.4879 
1863 47.3274 
1864 47.1657 
1865 47.0027 
1866 46.8386 
1867 46.6732 
1868 46.5068 
1869 46.3392 
1870 46.1706 
1871 46.0009 
1872 45.8302 
1873 45.6586 
1874 45.486 
1875 45.3126 
1876 45.1382 
1877 44.9631 
1878 44.7871 
1879 44.6104 
1880 44.433 
1881 44.2549 
1882 44.0761 
1883 43.8967 
1884 43.7167 
1885 43.5362 
1886 43.3551 
1887 43.1736 
1888 42.9917 
1889 42.8093 
1890 42.6266 
1891 42.4435 
1892 42.2602 
1893 42.0766 
1894 41.8928 
1895 41.7088 
1896 41.5246 
1897 41.3404 
1898 41.1561 
1899 40.9717 
1900 40.7874 
1901 40.6031 
1902 40.4189 
1903 40.2348 
1904 40.0509 
1905 39.8671 
1906 39.6836 
1907 39.5004 
1908 39.3174 
1909 39.1348 
1910 38.9526 
1911 38.7708 
1912 38.5895 
1913 38.4086 
1914 38.2283 
1915 38.0485 
1916 37.8694 
1917 37.6909 
1918 37.5131 
1919 37.336 
1920 37.1597 
1921 36.9841 
1922 36.8095 
1923 36.6357 
1924 36.4628 
1925 36.2909 
1926 36.12 
1927 35.9501 
1928 35.7813 
1929 35.6136 
1930 35.4471 
1931 35.2818 
1932 35.1178 
1933 34.955 
1934 34.7936 
1935 34.6335 
1936 34.4749 
1937 34.3177 
1938 34.162 
1939 34.0078 
1940 33.8552 
1941 33.7042 
1942 33.5549 
1943 33.4073 
1944 33.2615 
1945 33.1174 
1946 32.9752 
1947 32.8348 
1948 32.6964 
1949 32.56 
1950 32.4255 
1951 32.2931 
1952 32.1627 
1953 32.0343 
1954 31.9078 
1955 31.7832 
1956 31.6605 
1957 31.5395 
1958 31.4203 
1959 31.3029 
1960 31.1871 
1961 31.073 
1962 30.9604 
1963 30.8495 
1964 30.74 
1965 30.632 
1966 30.5254 
1967 30.4202 
1968 30.3164 
1969 30.2138 
1970 30.1125 
1971 30.0124 
1972 29.9134 
1973 29.8156 
1974 29.7188 
1975 29.6231 
1976 29.5283 
1977 29.4345 
1978 29.3416 
1979 29.2495 
1980 29.1582 
1981 29.0677 
1982 28.9779 
1983 28.8887 
1984 28.8002 
1985 28.7122 
1986 28.6247 
1987 28.5378 
1988 28.4512 
1989 28.365 
1990 28.2791 
1991 28.1936 
1992 28.1082 
1993 28.023 
1994 27.938 
1995 27.8531 
1996 27.7681 
1997 27.6832 
1998 27.5982 
1999 27.5131 
2000 27.4279 
