2 1022.27 1022.27 
3 966.082 966.083 
4 914.368 914.374 
5 875.597 875.585 
6 848.817 848.829 
7 831.49 831.479 
8 821.316 821.327 
9 816.014 816.043 
10 815.747 815.768 
11 817.95 817.967 
12 822.655 822.674 
13 828.529 828.542 
14 836.421 836.42 
15 846.171 846.153 
16 855.719 855.688 
17 865.656 865.621 
18 877.032 876.999 
19 890.119 890.095 
20 904.216 904.206 
21 918.03 918.037 
22 931.689 931.712 
23 945.626 945.664 
24 960.051 960.098 
25 974.901 974.949 
26 989.945 989.983 
27 1005.29 1005.3 
28 1021.03 1021.02 
29 1037.14 1037.09 
30 1053.39 1053.32 
31 1069.52 1069.42 
32 1085.62 1085.5 
33 1101.88 1101.76 
34 1118.46 1118.33 
35 1135.47 1135.35 
36 1152.96 1152.86 
37 1170.95 1170.87 
38 1189.39 1189.34 
39 1208.16 1208.13 
40 1227.06 1227.06 
41 1245.88 1245.91 
42 1264.66 1264.72 
43 1283.46 1283.54 
44 1302.35 1302.45 
45 1321.39 1321.5 
46 1340.61 1340.73 
47 1360.03 1360.16 
48 1379.67 1379.81 
49 1399.51 1399.66 
50 1419.53 1419.68 
51 1439.69 1439.84 
52 1460.02 1460.16 
53 1480.54 1480.68 
54 1501.3 1501.43 
55 1522.3 1522.42 
56 1543.56 1543.67 
57 1565.07 1565.17 
58 1586.83 1586.91 
59 1608.81 1608.87 
60 1630.98 1631.02 
61 1653.31 1653.32 
62 1675.81 1675.79 
63 1698.5 1698.45 
64 1721.4 1721.32 
65 1744.52 1744.41 
66 1767.88 1767.74 
67 1791.47 1791.31 
68 1815.31 1815.12 
69 1839.38 1839.17 
70 1863.68 1863.45 
71 1888.2 1887.95 
72 1912.94 1912.68 
73 1937.92 1937.66 
74 1963.15 1962.89 
75 1988.63 1988.37 
76 2014.37 2014.12 
77 2040.36 2040.13 
78 2066.61 2066.4 
79 2093.1 2092.92 
80 2119.83 2119.69 
81 2146.8 2146.69 
82 2173.99 2173.92 
83 2201.42 2201.4 
84 2229.1 2229.13 
85 2257.03 2257.1 
86 2285.2 2285.32 
87 2313.63 2313.79 
88 2342.3 2342.5 
89 2371.2 2371.45 
90 2400.35 2400.63 
91 2429.72 2430.03 
92 2459.31 2459.64 
93 2489.13 2489.48 
94 2519.18 2519.54 
95 2549.46 2549.81 
96 2579.95 2580.3 
97 2610.66 2611.01 
98 2641.58 2641.91 
99 2672.71 2673.01 
100 2704.02 2704.3 
101 2735.52 2735.76 
102 2767.2 2767.41 
103 2799.06 2799.23 
104 2831.11 2831.23 
105 2863.34 2863.42 
106 2895.76 2895.79 
107 2928.36 2928.33 
108 2961.13 2961.06 
109 2994.09 2993.96 
110 3027.22 3027.03 
111 3060.51 3060.28 
112 3093.97 3093.68 
113 3127.58 3127.24 
114 3161.33 3160.96 
115 3195.22 3194.81 
116 3229.24 3228.8 
117 3263.37 3262.9 
118 3297.61 3297.12 
119 3331.94 3331.44 
120 3366.33 3365.84 
121 3400.79 3400.31 
122 3435.3 3434.85 
123 3469.86 3469.44 
124 3504.47 3504.09 
125 3539.11 3538.79 
126 3573.79 3573.53 
127 3608.49 3608.31 
128 3643.22 3643.11 
129 3677.96 3677.93 
130 3712.71 3712.76 
131 3747.46 3747.59 
132 3782.2 3782.41 
133 3816.92 3817.21 
134 3851.61 3851.98 
135 3886.26 3886.7 
136 3920.86 3921.37 
137 3955.39 3955.96 
138 3989.86 3990.47 
139 4024.24 4024.88 
140 4058.51 4059.17 
141 4092.68 4093.34 
142 4126.72 4127.36 
143 4160.64 4161.24 
144 4194.41 4194.96 
145 4228.05 4228.53 
146 4261.53 4261.93 
147 4294.85 4295.16 
148 4328 4328.22 
149 4360.97 4361.08 
150 4393.75 4393.76 
151 4426.34 4426.23 
152 4458.71 4458.49 
153 4490.87 4490.53 
154 4522.8 4522.35 
155 4554.48 4553.94 
156 4585.92 4585.28 
157 4617.09 4616.37 
158 4647.99 4647.19 
159 4678.6 4677.75 
160 4708.91 4708.02 
161 4738.9 4738.01 
162 4768.58 4767.69 
163 4797.92 4797.07 
164 4826.93 4826.13 
165 4855.59 4854.85 
166 4883.9 4883.25 
167 4911.85 4911.29 
168 4939.42 4938.97 
169 4966.62 4966.29 
170 4993.43 4993.22 
171 5019.85 5019.77 
172 5045.86 5045.91 
173 5071.45 5071.64 
174 5096.62 5096.95 
175 5121.36 5121.82 
176 5145.66 5146.24 
177 5169.51 5170.19 
178 5192.9 5193.68 
179 5215.82 5216.68 
180 5238.26 5239.18 
181 5260.21 5261.16 
182 5281.66 5282.63 
183 5302.61 5303.58 
184 5323.06 5323.99 
185 5342.98 5343.87 
186 5362.39 5363.22 
187 5381.27 5382.02 
188 5399.62 5400.28 
189 5417.43 5417.98 
190 5434.7 5435.13 
191 5451.41 5451.71 
192 5467.57 5467.74 
193 5483.17 5483.19 
194 5498.2 5498.07 
195 5512.65 5512.38 
196 5526.53 5526.1 
197 5539.81 5539.25 
198 5552.51 5551.8 
199 5564.62 5563.77 
200 5576.12 5575.14 
201 5587.01 5585.92 
202 5597.29 5596.1 
203 5606.96 5605.68 
204 5616.02 5614.65 
205 5624.45 5623.02 
206 5632.26 5630.77 
207 5639.45 5637.91 
208 5646.02 5644.44 
209 5651.96 5650.34 
210 5657.27 5655.63 
211 5661.94 5660.29 
212 5665.99 5664.33 
213 5669.4 5667.74 
214 5672.18 5670.52 
215 5674.32 5672.67 
216 5675.82 5674.19 
217 5676.69 5675.07 
218 5676.92 5675.32 
219 5676.51 5674.93 
220 5675.46 5673.91 
221 5673.78 5672.25 
222 5671.45 5669.95 
223 5668.49 5667.02 
224 5664.89 5663.44 
225 5660.66 5659.22 
226 5655.78 5654.37 
227 5650.28 5648.87 
228 5644.14 5642.75 
229 5637.38 5635.98 
230 5629.98 5628.59 
231 5621.97 5620.57 
232 5613.33 5611.93 
233 5604.07 5602.66 
234 5594.2 5592.78 
235 5583.71 5582.28 
236 5572.62 5571.18 
237 5560.92 5559.47 
238 5548.63 5547.15 
239 5535.74 5534.24 
240 5522.26 5520.74 
241 5508.19 5506.65 
242 5493.55 5491.98 
243 5478.33 5476.74 
244 5462.54 5460.92 
245 5446.18 5444.55 
246 5429.28 5427.61 
247 5411.82 5410.13 
248 5393.81 5392.11 
249 5375.27 5373.54 
250 5356.2 5354.45 
251 5336.61 5334.85 
252 5316.5 5314.72 
253 5295.89 5294.09 
254 5274.76 5272.95 
255 5253.15 5251.32 
256 5231.04 5229.21 
257 5208.45 5206.61 
258 5185.38 5183.53 
259 5161.84 5159.99 
260 5137.85 5135.99 
261 5113.4 5111.54 
262 5088.5 5086.65 
263 5063.17 5061.32 
264 5037.42 5035.56 
265 5011.24 5009.39 
266 4984.65 4982.81 
267 4957.67 4955.82 
268 4930.29 4928.45 
269 4902.53 4900.7 
270 4874.4 4872.57 
271 4845.9 4844.09 
272 4817.06 4815.25 
273 4787.88 4786.08 
274 4758.36 4756.57 
275 4728.53 4726.75 
276 4698.39 4696.62 
277 4667.96 4666.19 
278 4637.23 4635.48 
279 4606.23 4604.49 
280 4574.96 4573.23 
281 4543.43 4541.71 
282 4511.66 4509.94 
283 4479.64 4477.94 
284 4447.4 4445.71 
285 4414.95 4413.27 
286 4382.29 4380.62 
287 4349.43 4347.77 
288 4316.4 4314.75 
289 4283.19 4281.56 
290 4249.83 4248.2 
291 4216.31 4214.71 
292 4182.67 4181.07 
293 4148.9 4147.32 
294 4115.02 4113.46 
295 4081.05 4079.5 
296 4046.99 4045.46 
297 4012.86 4011.34 
298 3978.68 3977.18 
299 3944.45 3942.97 
300 3910.19 3908.73 
301 3875.92 3874.47 
302 3841.63 3840.21 
303 3807.35 3805.94 
304 3773.07 3771.69 
305 3738.81 3737.45 
306 3704.58 3703.24 
307 3670.37 3669.06 
308 3636.21 3634.92 
309 3602.1 3600.83 
310 3568.04 3566.8 
311 3534.04 3532.83 
312 3500.12 3498.93 
313 3466.28 3465.12 
314 3432.53 3431.4 
315 3398.88 3397.77 
316 3365.33 3364.25 
317 3331.89 3330.85 
318 3298.58 3297.57 
319 3265.4 3264.42 
320 3232.37 3231.42 
321 3199.47 3198.56 
322 3166.74 3165.86 
323 3134.17 3133.32 
324 3101.77 3100.96 
325 3069.56 3068.78 
326 3037.54 3036.79 
327 3005.71 3005.01 
328 2974.1 2973.43 
329 2942.7 2942.07 
330 2911.53 2910.93 
331 2880.59 2880.04 
332 2849.9 2849.38 
333 2819.45 2818.98 
334 2789.27 2788.84 
335 2759.36 2758.96 
336 2729.73 2729.37 
337 2700.38 2700.07 
338 2671.33 2671.06 
339 2642.59 2642.36 
340 2614.16 2613.97 
341 2586.05 2585.9 
342 2558.27 2558.17 
343 2530.84 2530.78 
344 2503.75 2503.74 
345 2477.03 2477.06 
346 2450.67 2450.75 
347 2424.69 2424.81 
348 2399.09 2399.26 
349 2373.9 2374.11 
350 2349.1 2349.36 
351 2324.72 2325.03 
352 2300.75 2301.11 
353 2277.21 2277.61 
354 2254.08 2254.53 
355 2231.38 2231.88 
356 2209.11 2209.66 
357 2187.28 2187.87 
358 2165.87 2166.51 
359 2144.9 2145.59 
360 2124.37 2125.1 
361 2104.27 2105.06 
362 2084.62 2085.45 
363 2065.42 2066.3 
364 2046.65 2047.58 
365 2028.34 2029.32 
366 2010.47 2011.5 
367 1993.05 1994.13 
368 1976.09 1977.21 
369 1959.57 1960.74 
370 1943.51 1944.73 
371 1927.9 1929.16 
372 1912.74 1914.06 
373 1898.03 1899.4 
374 1883.78 1885.2 
375 1869.99 1871.45 
376 1856.65 1858.16 
377 1843.76 1845.32 
378 1831.32 1832.93 
379 1819.34 1821 
380 1807.81 1809.51 
381 1796.73 1798.48 
382 1786.1 1787.9 
383 1775.92 1777.77 
384 1766.18 1768.08 
385 1756.9 1758.84 
386 1748.05 1750.04 
387 1739.65 1741.69 
388 1731.69 1733.77 
389 1724.16 1726.3 
390 1717.08 1719.25 
391 1710.42 1712.64 
392 1704.19 1706.47 
393 1698.4 1700.71 
394 1693.02 1695.38 
395 1688.07 1690.47 
396 1683.53 1685.98 
397 1679.41 1681.9 
398 1675.7 1678.23 
399 1672.39 1674.97 
400 1669.48 1672.11 
401 1666.97 1669.64 
402 1664.86 1667.57 
403 1663.14 1665.89 
404 1661.8 1664.59 
405 1660.86 1663.69 
406 1660.29 1663.16 
407 1660.1 1663.01 
408 1660.29 1663.24 
409 1660.86 1663.84 
410 1661.78 1664.81 
411 1663.08 1666.14 
412 1664.73 1667.82 
413 1666.74 1669.87 
414 1669.1 1672.26 
415 1671.8 1675 
416 1674.85 1678.08 
417 1678.23 1681.5 
418 1681.95 1685.24 
419 1685.99 1689.31 
420 1690.35 1693.7 
421 1695.02 1698.41 
422 1700 1703.42 
423 1705.29 1708.74 
424 1710.87 1714.35 
425 1716.74 1720.24 
426 1722.9 1726.43 
427 1729.33 1732.88 
428 1736.03 1739.61 
429 1743 1746.6 
430 1750.21 1753.84 
431 1757.68 1761.33 
432 1765.39 1769.05 
433 1773.32 1777.01 
434 1781.49 1785.19 
435 1789.86 1793.59 
436 1798.45 1802.19 
437 1807.23 1810.99 
438 1816.2 1819.98 
439 1825.36 1829.14 
440 1834.68 1838.48 
441 1844.17 1847.98 
442 1853.81 1857.63 
443 1863.59 1867.42 
444 1873.5 1877.35 
445 1883.54 1887.39 
446 1893.69 1897.55 
447 1903.94 1907.8 
448 1914.27 1918.14 
449 1924.69 1928.57 
450 1935.18 1939.06 
451 1945.72 1949.6 
452 1956.32 1960.2 
453 1966.96 1970.84 
454 1977.65 1981.53 
455 1988.38 1992.26 
456 1999.15 2003.02 
457 2009.95 2013.81 
458 2020.78 2024.64 
459 2031.63 2035.48 
460 2042.5 2046.34 
461 2053.39 2057.22 
462 2064.29 2068.1 
463 2075.19 2078.99 
464 2086.09 2089.88 
465 2096.99 2100.77 
466 2107.88 2111.64 
467 2118.76 2122.51 
468 2129.62 2133.35 
469 2140.46 2144.16 
470 2151.27 2154.95 
471 2162.04 2165.7 
472 2172.77 2176.41 
473 2183.46 2187.08 
474 2194.1 2197.69 
475 2204.68 2208.25 
476 2215.21 2218.74 
477 2225.66 2229.16 
478 2236.04 2239.52 
479 2246.35 2249.79 
480 2256.56 2259.97 
481 2266.69 2270.06 
482 2276.72 2280.06 
483 2286.65 2289.95 
484 2296.46 2299.73 
485 2306.16 2309.39 
486 2315.74 2318.93 
487 2325.19 2328.34 
488 2334.5 2337.61 
489 2343.67 2346.73 
490 2352.7 2355.71 
491 2361.56 2364.53 
492 2370.26 2373.18 
493 2378.79 2381.66 
494 2387.15 2389.97 
495 2395.31 2398.09 
496 2403.29 2406.01 
497 2411.07 2413.73 
498 2418.64 2421.25 
499 2425.99 2428.55 
500 2433.12 2435.62 
501 2440.02 2442.47 
502 2446.7 2449.08 
503 2453.14 2455.46 
504 2459.35 2461.61 
505 2465.32 2467.53 
506 2471.07 2473.21 
507 2476.58 2478.66 
508 2481.87 2483.88 
509 2486.92 2488.86 
510 2491.74 2493.62 
511 2496.33 2498.14 
512 2500.68 2502.42 
513 2504.81 2506.48 
514 2508.7 2510.3 
515 2512.36 2513.89 
516 2515.79 2517.24 
517 2518.99 2520.37 
518 2521.95 2523.26 
519 2524.69 2525.92 
520 2527.2 2528.35 
521 2529.47 2530.55 
522 2531.52 2532.52 
523 2533.34 2534.26 
524 2534.93 2535.77 
525 2536.29 2537.05 
526 2537.42 2538.1 
527 2538.32 2538.92 
528 2539 2539.51 
529 2539.45 2539.88 
530 2539.68 2540.02 
531 2539.68 2539.94 
532 2539.46 2539.63 
533 2539.01 2539.1 
534 2538.34 2538.34 
535 2537.45 2537.36 
536 2536.34 2536.16 
537 2535 2534.74 
538 2533.45 2533.1 
539 2531.68 2531.24 
540 2529.69 2529.16 
541 2527.49 2526.87 
542 2525.07 2524.36 
543 2522.44 2521.63 
544 2519.59 2518.69 
545 2516.53 2515.54 
546 2513.27 2512.18 
547 2509.79 2508.61 
548 2506.1 2504.83 
549 2502.21 2500.85 
550 2498.11 2496.65 
551 2493.81 2492.26 
552 2489.3 2487.66 
553 2484.6 2482.87 
554 2479.71 2477.88 
555 2474.63 2472.7 
556 2469.35 2467.33 
557 2463.9 2461.78 
558 2458.26 2456.05 
559 2452.45 2450.14 
560 2446.46 2444.06 
561 2440.31 2437.82 
562 2433.99 2431.4 
563 2427.51 2424.83 
564 2420.87 2418.09 
565 2414.08 2411.21 
566 2407.14 2404.18 
567 2400.06 2397 
568 2392.84 2389.68 
569 2385.48 2382.23 
570 2377.98 2374.64 
571 2370.37 2366.93 
572 2362.63 2359.1 
573 2354.77 2351.14 
574 2346.79 2343.08 
575 2338.71 2334.91 
576 2330.53 2326.63 
577 2322.25 2318.26 
578 2313.87 2309.79 
579 2305.41 2301.24 
580 2296.86 2292.6 
581 2288.23 2283.88 
582 2279.54 2275.1 
583 2270.77 2266.24 
584 2261.94 2257.33 
585 2253.06 2248.35 
586 2244.12 2239.33 
587 2235.14 2230.27 
588 2226.12 2221.16 
589 2217.07 2212.02 
590 2207.99 2202.86 
591 2198.88 2193.67 
592 2189.77 2184.47 
593 2180.64 2175.26 
594 2171.51 2166.05 
595 2162.38 2156.85 
596 2153.26 2147.65 
597 2144.15 2138.47 
598 2135.07 2129.31 
599 2126.02 2120.18 
600 2117 2111.09 
601 2108.03 2102.05 
602 2099.1 2093.05 
603 2090.22 2084.09 
604 2081.39 2075.19 
605 2072.61 2066.35 
606 2063.89 2057.56 
607 2055.23 2048.84 
608 2046.63 2040.17 
609 2038.1 2031.58 
610 2029.63 2023.05 
611 2021.24 2014.6 
612 2012.92 2006.22 
613 2004.68 1997.92 
614 1996.52 1989.7 
615 1988.44 1981.57 
616 1980.45 1973.53 
617 1972.55 1965.58 
618 1964.74 1957.72 
619 1957.03 1949.96 
620 1949.42 1942.31 
621 1941.92 1934.75 
622 1934.52 1927.31 
623 1927.23 1919.98 
624 1920.05 1912.76 
625 1912.99 1905.66 
626 1906.05 1898.68 
627 1899.24 1891.83 
628 1892.55 1885.11 
629 1885.99 1878.52 
630 1879.57 1872.06 
631 1873.28 1865.75 
632 1867.14 1859.57 
633 1861.14 1853.55 
634 1855.29 1847.67 
635 1849.59 1841.95 
636 1844.05 1836.39 
637 1838.67 1830.99 
638 1833.45 1825.76 
639 1828.41 1820.69 
640 1823.53 1815.8 
641 1818.83 1811.09 
642 1814.31 1806.56 
643 1809.97 1802.21 
644 1805.82 1798.05 
645 1801.86 1794.09 
646 1798.09 1790.32 
647 1794.53 1786.76 
648 1791.17 1783.4 
649 1788.02 1780.25 
650 1785.08 1777.32 
651 1782.35 1774.6 
652 1779.84 1772.1 
653 1777.55 1769.82 
654 1775.47 1767.75 
655 1773.6 1765.9 
656 1771.94 1764.26 
657 1770.5 1762.84 
658 1769.27 1761.63 
659 1768.25 1760.63 
660 1767.43 1759.84 
661 1766.83 1759.26 
662 1766.43 1758.89 
663 1766.23 1758.73 
664 1766.24 1758.78 
665 1766.46 1759.03 
666 1766.88 1759.49 
667 1767.5 1760.15 
668 1768.32 1761.01 
669 1769.33 1762.07 
670 1770.55 1763.33 
671 1771.96 1764.79 
672 1773.57 1766.45 
673 1775.37 1768.31 
674 1777.37 1770.35 
675 1779.55 1772.59 
676 1781.92 1775.03 
677 1784.49 1777.65 
678 1787.24 1780.46 
679 1790.17 1783.46 
680 1793.29 1786.64 
681 1796.59 1790.01 
682 1800.07 1793.56 
683 1803.72 1797.29 
684 1807.56 1801.19 
685 1811.57 1805.28 
686 1815.75 1809.54 
687 1820.11 1813.97 
688 1824.63 1818.58 
689 1829.32 1823.35 
690 1834.18 1828.29 
691 1839.2 1833.4 
692 1844.38 1838.67 
693 1849.73 1844.11 
694 1855.23 1849.7 
695 1860.89 1855.45 
696 1866.7 1861.35 
697 1872.66 1867.41 
698 1878.77 1873.62 
699 1885.03 1879.98 
700 1891.43 1886.49 
701 1897.97 1893.13 
702 1904.66 1899.92 
703 1911.48 1906.85 
704 1918.43 1913.91 
705 1925.51 1921.1 
706 1932.72 1928.42 
707 1940.05 1935.86 
708 1947.49 1943.43 
709 1955.06 1951.1 
710 1962.73 1958.89 
711 1970.51 1966.79 
712 1978.39 1974.8 
713 1986.37 1982.9 
714 1994.45 1991.11 
715 2002.62 1999.4 
716 2010.88 2007.78 
717 2019.22 2016.25 
718 2027.65 2024.8 
719 2036.14 2033.43 
720 2044.71 2042.13 
721 2053.35 2050.9 
722 2062.05 2059.73 
723 2070.8 2068.62 
724 2079.62 2077.57 
725 2088.48 2086.57 
726 2097.38 2095.61 
727 2106.33 2104.7 
728 2115.31 2113.82 
729 2124.33 2122.97 
730 2133.37 2132.16 
731 2142.43 2141.36 
732 2151.51 2150.58 
733 2160.61 2159.82 
734 2169.71 2169.06 
735 2178.81 2178.31 
736 2187.91 2187.56 
737 2197 2196.8 
738 2206.08 2206.02 
739 2215.14 2215.23 
740 2224.18 2224.42 
741 2233.19 2233.58 
742 2242.17 2242.7 
743 2251.11 2251.79 
744 2260 2260.83 
745 2268.84 2269.82 
746 2277.63 2278.76 
747 2286.36 2287.64 
748 2295.02 2296.44 
749 2303.6 2305.18 
750 2312.11 2313.84 
751 2320.54 2322.41 
752 2328.87 2330.9 
753 2337.12 2339.3 
754 2345.28 2347.61 
755 2353.34 2355.82 
756 2361.31 2363.94 
757 2369.18 2371.96 
758 2376.95 2379.87 
759 2384.61 2387.68 
760 2392.17 2395.39 
761 2399.61 2402.98 
762 2406.95 2410.47 
763 2414.17 2417.83 
764 2421.27 2425.08 
765 2428.25 2432.21 
766 2435.12 2439.22 
767 2441.85 2446.1 
768 2448.46 2452.86 
769 2454.94 2459.48 
770 2461.28 2465.97 
771 2467.49 2472.32 
772 2473.56 2478.53 
773 2479.49 2484.6 
774 2485.27 2490.52 
775 2490.9 2496.29 
776 2496.39 2501.92 
777 2501.72 2507.39 
778 2506.9 2512.7 
779 2511.91 2517.85 
780 2516.77 2522.84 
781 2521.45 2527.66 
782 2525.98 2532.31 
783 2530.32 2536.79 
784 2534.5 2541.1 
785 2538.5 2545.22 
786 2542.31 2549.17 
787 2545.95 2552.93 
788 2549.4 2556.5 
789 2552.65 2559.88 
790 2555.72 2563.06 
791 2558.58 2566.05 
792 2561.25 2568.84 
793 2563.72 2571.42 
794 2565.98 2573.79 
795 2568.03 2575.96 
796 2569.87 2577.9 
797 2571.49 2579.64 
798 2572.89 2581.14 
799 2574.07 2582.43 
800 2575.02 2583.49 
801 2575.75 2584.31 
802 2576.25 2584.91 
803 2576.52 2585.27 
804 2576.56 2585.41 
805 2576.37 2585.32 
806 2575.96 2585 
807 2575.33 2584.45 
808 2574.47 2583.68 
809 2573.39 2582.68 
810 2572.09 2581.46 
811 2570.57 2580.02 
812 2568.82 2578.35 
813 2566.86 2576.46 
814 2564.69 2574.36 
815 2562.29 2572.03 
816 2559.68 2569.49 
817 2556.86 2566.73 
818 2553.82 2563.75 
819 2550.57 2560.56 
820 2547.11 2557.16 
821 2543.44 2553.55 
822 2539.56 2549.72 
823 2535.48 2545.68 
824 2531.18 2541.44 
825 2526.69 2536.99 
826 2521.99 2532.33 
827 2517.09 2527.47 
828 2511.99 2522.4 
829 2506.68 2517.13 
830 2501.18 2511.66 
831 2495.49 2506 
832 2489.6 2500.13 
833 2483.51 2494.07 
834 2477.24 2487.81 
835 2470.77 2481.36 
836 2464.11 2474.72 
837 2457.27 2467.88 
838 2450.24 2460.86 
839 2443.02 2453.65 
840 2435.63 2446.26 
841 2428.05 2438.68 
842 2420.29 2430.92 
843 2412.35 2422.98 
844 2404.24 2414.85 
845 2395.96 2406.55 
846 2387.5 2398.08 
847 2378.87 2389.43 
848 2370.07 2380.61 
849 2361.1 2371.62 
850 2351.97 2362.46 
851 2342.68 2353.13 
852 2333.22 2343.64 
853 2323.61 2333.99 
854 2313.84 2324.18 
855 2303.92 2314.22 
856 2293.86 2304.11 
857 2283.65 2293.85 
858 2273.29 2283.44 
859 2262.8 2272.89 
860 2252.18 2262.2 
861 2241.42 2251.38 
862 2230.53 2240.43 
863 2219.52 2229.35 
864 2208.39 2218.14 
865 2197.13 2206.82 
866 2185.77 2195.37 
867 2174.29 2183.81 
868 2162.71 2172.14 
869 2151.02 2160.37 
870 2139.23 2148.49 
871 2127.34 2136.51 
872 2115.37 2124.43 
873 2103.3 2112.27 
874 2091.14 2100.01 
875 2078.91 2087.67 
876 2066.6 2075.25 
877 2054.21 2062.75 
878 2041.76 2050.18 
879 2029.24 2037.55 
880 2016.65 2024.84 
881 2004.01 2012.08 
882 1991.32 1999.26 
883 1978.57 1986.39 
884 1965.78 1973.47 
885 1952.95 1960.51 
886 1940.09 1947.5 
887 1927.19 1934.46 
888 1914.26 1921.39 
889 1901.3 1908.3 
890 1888.33 1895.18 
891 1875.35 1882.04 
892 1862.35 1868.89 
893 1849.34 1855.74 
894 1836.34 1842.57 
895 1823.34 1829.41 
896 1810.34 1816.26 
897 1797.36 1803.11 
898 1784.39 1789.98 
899 1771.45 1776.86 
900 1758.53 1763.77 
901 1745.64 1750.71 
902 1732.79 1737.68 
903 1719.97 1724.69 
904 1707.19 1711.73 
905 1694.46 1698.81 
906 1681.76 1685.93 
907 1669.11 1673.09 
908 1656.51 1660.3 
909 1643.96 1647.56 
910 1631.46 1634.86 
911 1619.01 1622.22 
912 1606.62 1609.64 
913 1594.3 1597.11 
914 1582.03 1584.65 
915 1569.83 1572.25 
916 1557.7 1559.91 
917 1545.64 1547.64 
918 1533.65 1535.45 
919 1521.73 1523.32 
920 1509.9 1511.28 
921 1498.14 1499.31 
922 1486.46 1487.42 
923 1474.88 1475.62 
924 1463.38 1463.9 
925 1451.97 1452.28 
926 1440.65 1440.75 
927 1429.44 1429.31 
928 1418.32 1417.97 
929 1407.3 1406.73 
930 1396.39 1395.6 
931 1385.58 1384.57 
932 1374.89 1373.65 
933 1364.31 1362.85 
934 1353.84 1352.15 
935 1343.5 1341.58 
936 1333.27 1331.13 
937 1323.17 1320.81 
938 1313.2 1310.61 
939 1303.36 1300.54 
940 1293.65 1290.6 
941 1284.08 1280.8 
942 1274.65 1271.14 
943 1265.36 1261.62 
944 1256.22 1252.25 
945 1247.22 1243.02 
946 1238.38 1233.95 
947 1229.69 1225.03 
948 1221.16 1216.27 
949 1212.79 1207.68 
950 1204.59 1199.24 
951 1196.55 1190.98 
952 1188.68 1182.88 
953 1180.97 1174.94 
954 1173.43 1167.18 
955 1166.06 1159.58 
956 1158.86 1152.15 
957 1151.82 1144.88 
958 1144.94 1137.78 
959 1138.23 1130.85 
960 1131.68 1124.08 
961 1125.3 1117.47 
962 1119.08 1111.03 
963 1113.03 1104.76 
964 1107.13 1098.64 
965 1101.4 1092.69 
966 1095.83 1086.91 
967 1090.43 1081.28 
968 1085.18 1075.82 
969 1080.09 1070.52 
970 1075.17 1065.38 
971 1070.4 1060.41 
972 1065.79 1055.59 
973 1061.34 1050.93 
974 1057.05 1046.43 
975 1052.92 1042.09 
976 1048.94 1037.91 
977 1045.12 1033.89 
978 1041.45 1030.02 
979 1037.94 1026.32 
980 1034.59 1022.76 
981 1031.38 1019.37 
982 1028.33 1016.13 
983 1025.44 1013.04 
984 1022.69 1010.11 
985 1020.1 1007.33 
986 1017.66 1004.7 
987 1015.36 1002.23 
988 1013.22 999.907 
989 1011.22 997.737 
990 1009.38 995.716 
991 1007.68 993.846 
992 1006.12 992.124 
993 1004.72 990.551 
994 1003.45 989.126 
995 1002.33 987.847 
996 1001.36 986.715 
997 1000.52 985.729 
998 999.832 984.887 
999 999.281 984.189 
1000 998.87 983.635 
1001 998.598 983.223 
1002 998.463 982.951 
1003 998.463 982.818 
1004 998.596 982.821 
1005 998.86 982.958 
1006 999.252 983.227 
1007 999.77 983.625 
1008 1000.41 984.151 
1009 1001.18 984.801 
1010 1002.06 985.575 
1011 1003.06 986.469 
1012 1004.17 987.482 
1013 1005.4 988.61 
1014 1006.74 989.852 
1015 1008.18 991.205 
1016 1009.73 992.667 
1017 1011.38 994.235 
1018 1013.13 995.906 
1019 1014.98 997.679 
1020 1016.92 999.551 
1021 1018.96 1001.52 
1022 1021.09 1003.58 
1023 1023.3 1005.73 
1024 1025.6 1007.98 
1025 1027.98 1010.3 
1026 1030.44 1012.71 
1027 1032.97 1015.21 
1028 1035.58 1017.78 
1029 1038.26 1020.42 
1030 1041.01 1023.14 
1031 1043.83 1025.92 
1032 1046.71 1028.78 
1033 1049.64 1031.7 
1034 1052.64 1034.67 
1035 1055.69 1037.71 
1036 1058.79 1040.81 
1037 1061.94 1043.95 
1038 1065.13 1047.15 
1039 1068.37 1050.39 
1040 1071.64 1053.67 
1041 1074.95 1057 
1042 1078.3 1060.37 
1043 1081.68 1063.76 
1044 1085.08 1067.2 
1045 1088.5 1070.65 
1046 1091.95 1074.14 
1047 1095.42 1077.65 
1048 1098.9 1081.17 
1049 1102.39 1084.71 
1050 1105.89 1088.27 
1051 1109.39 1091.83 
1052 1112.9 1095.4 
1053 1116.41 1098.98 
1054 1119.91 1102.56 
1055 1123.42 1106.15 
1056 1126.92 1109.73 
1057 1130.42 1113.31 
1058 1133.91 1116.9 
1059 1137.38 1120.47 
1060 1140.85 1124.04 
1061 1144.31 1127.6 
1062 1147.75 1131.15 
1063 1151.17 1134.69 
1064 1154.58 1138.22 
1065 1157.97 1141.73 
1066 1161.33 1145.22 
1067 1164.67 1148.69 
1068 1167.98 1152.14 
1069 1171.27 1155.57 
1070 1174.53 1158.97 
1071 1177.75 1162.34 
1072 1180.95 1165.69 
1073 1184.1 1169 
1074 1187.22 1172.28 
1075 1190.3 1175.52 
1076 1193.34 1178.73 
1077 1196.33 1181.9 
1078 1199.28 1185.02 
1079 1202.18 1188.11 
1080 1205.03 1191.14 
1081 1207.83 1194.13 
1082 1210.58 1197.07 
1083 1213.27 1199.96 
1084 1215.9 1202.79 
1085 1218.47 1205.56 
1086 1220.98 1208.28 
1087 1223.43 1210.94 
1088 1225.81 1213.53 
1089 1228.12 1216.06 
1090 1230.36 1218.52 
1091 1232.52 1220.91 
1092 1234.61 1223.23 
1093 1236.62 1225.47 
1094 1238.56 1227.64 
1095 1240.41 1229.73 
1096 1242.17 1231.74 
1097 1243.85 1233.66 
1098 1245.44 1235.5 
1099 1246.94 1237.25 
1100 1248.34 1238.91 
1101 1249.65 1240.48 
1102 1250.86 1241.95 
1103 1251.98 1243.33 
1104 1253 1244.62 
1105 1253.93 1245.82 
1106 1254.76 1246.92 
1107 1255.5 1247.93 
1108 1256.14 1248.85 
1109 1256.68 1249.68 
1110 1257.13 1250.42 
1111 1257.49 1251.06 
1112 1257.76 1251.61 
1113 1257.92 1252.07 
1114 1258 1252.44 
1115 1257.98 1252.72 
1116 1257.87 1252.9 
1117 1257.67 1253 
1118 1257.37 1253 
1119 1256.98 1252.92 
1120 1256.5 1252.74 
1121 1255.93 1252.47 
1122 1255.26 1252.12 
1123 1254.51 1251.67 
1124 1253.66 1251.13 
1125 1252.72 1250.51 
1126 1251.69 1249.79 
1127 1250.57 1248.99 
1128 1249.36 1248.09 
1129 1248.06 1247.11 
1130 1246.67 1246.04 
1131 1245.19 1244.88 
1132 1243.63 1243.63 
1133 1241.97 1242.3 
1134 1240.23 1240.87 
1135 1238.39 1239.36 
1136 1236.47 1237.76 
1137 1234.46 1236.08 
1138 1232.37 1234.31 
1139 1230.19 1232.45 
1140 1227.92 1230.5 
1141 1225.56 1228.47 
1142 1223.12 1226.36 
1143 1220.59 1224.15 
1144 1217.98 1221.87 
1145 1215.29 1219.49 
1146 1212.51 1217.03 
1147 1209.64 1214.49 
1148 1206.69 1211.87 
1149 1203.66 1209.15 
1150 1200.55 1206.36 
1151 1197.35 1203.48 
1152 1194.07 1200.52 
1153 1190.71 1197.48 
1154 1187.28 1194.36 
1155 1183.77 1191.17 
1156 1180.18 1187.89 
1157 1176.52 1184.55 
1158 1172.79 1181.13 
1159 1168.99 1177.64 
1160 1165.12 1174.07 
1161 1161.18 1170.44 
1162 1157.18 1166.75 
1163 1153.11 1162.98 
1164 1148.98 1159.16 
1165 1144.79 1155.27 
1166 1140.55 1151.32 
1167 1136.25 1147.32 
1168 1131.89 1143.25 
1169 1127.48 1139.13 
1170 1123.01 1134.96 
1171 1118.5 1130.73 
1172 1113.94 1126.46 
1173 1109.34 1122.13 
1174 1104.68 1117.76 
1175 1099.99 1113.35 
1176 1095.26 1108.89 
1177 1090.48 1104.38 
1178 1085.67 1099.84 
1179 1080.83 1095.26 
1180 1075.95 1090.65 
1181 1071.04 1085.99 
1182 1066.1 1081.31 
1183 1061.14 1076.6 
1184 1056.14 1071.85 
1185 1051.13 1067.08 
1186 1046.09 1062.29 
1187 1041.03 1057.47 
1188 1035.96 1052.63 
1189 1030.87 1047.76 
1190 1025.76 1042.89 
1191 1020.65 1037.99 
1192 1015.52 1033.08 
1193 1010.39 1028.17 
1194 1005.25 1023.24 
1195 1000.11 1018.3 
1196 994.967 1013.36 
1197 989.825 1008.41 
1198 984.686 1003.46 
1199 979.552 998.512 
1200 974.425 993.566 
1201 969.308 988.625 
1202 964.201 983.689 
1203 959.105 978.759 
1204 954.023 973.838 
1205 948.955 968.925 
1206 943.903 964.023 
1207 938.867 959.133 
1208 933.849 954.255 
1209 928.85 949.391 
1210 923.871 944.541 
1211 918.915 939.708 
1212 913.98 934.893 
1213 909.07 930.096 
1214 904.186 925.32 
1215 899.328 920.564 
1216 894.498 915.831 
1217 889.697 911.122 
1218 884.927 906.438 
1219 880.188 901.78 
1220 875.483 897.149 
1221 870.812 892.548 
1222 866.177 887.976 
1223 861.579 883.436 
1224 857.02 878.929 
1225 852.501 874.456 
1226 848.022 870.018 
1227 843.587 865.617 
1228 839.195 861.254 
1229 834.849 856.931 
1230 830.549 852.648 
1231 826.298 848.408 
1232 822.096 844.211 
1233 817.945 840.059 
1234 813.846 835.954 
1235 809.801 831.896 
1236 805.812 827.887 
1237 801.879 823.929 
1238 798.004 820.023 
1239 794.189 816.17 
1240 790.436 812.372 
1241 786.744 808.631 
1242 783.117 804.947 
1243 779.555 801.322 
1244 776.06 797.758 
1245 772.634 794.256 
1246 769.278 790.818 
1247 765.993 787.445 
1248 762.782 784.138 
1249 759.645 780.9 
1250 756.585 777.731 
1251 753.602 774.633 
1252 750.696 771.606 
1253 747.868 768.65 
1254 745.117 765.765 
1255 742.443 762.95 
1256 739.846 760.206 
1257 737.326 757.532 
1258 734.881 754.927 
1259 732.513 752.393 
1260 730.221 749.929 
1261 728.005 747.533 
1262 725.864 745.208 
1263 723.798 742.951 
1264 721.808 740.763 
1265 719.892 738.645 
1266 718.051 736.594 
1267 716.284 734.613 
1268 714.591 732.699 
1269 712.972 730.853 
1270 711.427 729.076 
1271 709.955 727.365 
1272 708.556 725.723 
1273 707.229 724.147 
1274 705.976 722.638 
1275 704.794 721.196 
1276 703.685 719.821 
1277 702.647 718.512 
1278 701.681 717.269 
1279 700.786 716.091 
1280 699.962 714.98 
1281 699.209 713.934 
1282 698.526 712.953 
1283 697.912 712.037 
1284 697.369 711.185 
1285 696.895 710.398 
1286 696.49 709.675 
1287 696.154 709.016 
1288 695.887 708.421 
1289 695.687 707.889 
1290 695.556 707.42 
1291 695.492 707.014 
1292 695.495 706.67 
1293 695.565 706.389 
1294 695.702 706.17 
1295 695.905 706.013 
1296 696.174 705.917 
1297 696.508 705.883 
1298 696.908 705.909 
1299 697.372 705.996 
1300 697.901 706.144 
1301 698.494 706.351 
1302 699.15 706.617 
1303 699.867 706.941 
1304 700.645 707.322 
1305 701.483 707.758 
1306 702.378 708.249 
1307 703.33 708.793 
1308 704.338 709.389 
1309 705.4 710.036 
1310 706.515 710.733 
1311 707.681 711.478 
1312 708.898 712.271 
1313 710.164 713.11 
1314 711.478 713.995 
1315 712.839 714.923 
1316 714.244 715.893 
1317 715.694 716.905 
1318 717.186 717.957 
1319 718.719 719.048 
1320 720.292 720.177 
1321 721.903 721.342 
1322 723.551 722.542 
1323 725.235 723.776 
1324 726.953 725.043 
1325 728.704 726.34 
1326 730.486 727.668 
1327 732.298 729.024 
1328 734.139 730.408 
1329 736.006 731.818 
1330 737.9 733.252 
1331 739.817 734.709 
1332 741.758 736.189 
1333 743.719 737.689 
1334 745.7 739.208 
1335 747.699 740.745 
1336 749.715 742.298 
1337 751.747 743.867 
1338 753.792 745.449 
1339 755.849 747.043 
1340 757.916 748.648 
1341 759.993 750.262 
1342 762.077 751.885 
1343 764.166 753.513 
1344 766.261 755.147 
1345 768.357 756.784 
1346 770.455 758.424 
1347 772.553 760.063 
1348 774.648 761.702 
1349 776.739 763.339 
1350 778.825 764.971 
1351 780.904 766.598 
1352 782.975 768.219 
1353 785.037 769.833 
1354 787.089 771.439 
1355 789.13 773.036 
1356 791.16 774.623 
1357 793.177 776.2 
1358 795.18 777.766 
1359 797.168 779.319 
1360 799.141 780.86 
1361 801.098 782.386 
1362 803.037 783.898 
1363 804.957 785.394 
1364 806.858 786.874 
1365 808.739 788.336 
1366 810.598 789.781 
1367 812.435 791.205 
1368 814.248 792.61 
1369 816.037 793.994 
1370 817.8 795.356 
1371 819.537 796.695 
1372 821.246 798.011 
1373 822.926 799.302 
1374 824.578 800.568 
1375 826.198 801.806 
1376 827.787 803.018 
1377 829.343 804.201 
1378 830.865 805.355 
1379 832.352 806.479 
1380 833.803 807.572 
1381 835.218 808.632 
1382 836.594 809.659 
1383 837.931 810.653 
1384 839.228 811.611 
1385 840.483 812.533 
1386 841.696 813.418 
1387 842.865 814.265 
1388 843.99 815.073 
1389 845.069 815.842 
1390 846.101 816.569 
1391 847.084 817.254 
1392 848.019 817.896 
1393 848.903 818.494 
1394 849.736 819.047 
1395 850.516 819.554 
1396 851.242 820.014 
1397 851.913 820.425 
1398 852.528 820.787 
1399 853.086 821.1 
1400 853.585 821.36 
1401 854.024 821.569 
1402 854.404 821.725 
1403 854.725 821.829 
1404 854.986 821.881 
1405 855.187 821.881 
1406 855.329 821.829 
1407 855.412 821.726 
1408 855.436 821.571 
1409 855.4 821.364 
1410 855.306 821.106 
1411 855.152 820.797 
1412 854.94 820.436 
1413 854.669 820.025 
1414 854.339 819.562 
1415 853.95 819.049 
1416 853.503 818.485 
1417 852.998 817.871 
1418 852.434 817.206 
1419 851.812 816.491 
1420 851.131 815.726 
1421 850.393 814.911 
1422 849.597 814.046 
1423 848.743 813.131 
1424 847.831 812.167 
1425 846.861 811.153 
1426 845.834 810.09 
1427 844.749 808.977 
1428 843.607 807.816 
1429 842.408 806.606 
1430 841.152 805.347 
1431 839.839 804.04 
1432 838.468 802.684 
1433 837.041 801.28 
1434 835.558 799.827 
1435 834.017 798.327 
1436 832.421 796.779 
1437 830.768 795.184 
1438 829.059 793.541 
1439 827.293 791.85 
1440 825.472 790.113 
1441 823.595 788.328 
1442 821.663 786.497 
1443 819.675 784.619 
1444 817.631 782.695 
1445 815.532 780.724 
1446 813.378 778.707 
1447 811.169 776.645 
1448 808.905 774.536 
1449 806.587 772.382 
1450 804.214 770.183 
1451 801.786 767.938 
1452 799.305 765.649 
1453 796.772 763.317 
1454 794.186 760.942 
1455 791.55 758.525 
1456 788.865 756.067 
1457 786.13 753.57 
1458 783.348 751.033 
1459 780.519 748.459 
1460 777.644 745.847 
1461 774.724 743.198 
1462 771.76 740.514 
1463 768.754 737.796 
1464 765.705 735.044 
1465 762.615 732.26 
1466 759.486 729.443 
1467 756.317 726.596 
1468 753.111 723.72 
1469 749.868 720.814 
1470 746.589 717.88 
1471 743.275 714.92 
1472 739.928 711.933 
1473 736.548 708.922 
1474 733.136 705.887 
1475 729.694 702.828 
1476 726.222 699.748 
1477 722.722 696.646 
1478 719.194 693.525 
1479 715.64 690.384 
1480 712.062 687.226 
1481 708.459 684.05 
1482 704.833 680.859 
1483 701.186 677.653 
1484 697.517 674.433 
1485 693.829 671.2 
1486 690.123 667.955 
1487 686.4 664.7 
1488 682.66 661.435 
1489 678.906 658.161 
1490 675.137 654.88 
1491 671.356 651.593 
1492 667.564 648.3 
1493 663.761 645.003 
1494 659.949 641.703 
1495 656.129 638.401 
1496 652.302 635.098 
1497 648.47 631.795 
1498 644.634 628.494 
1499 640.794 625.195 
1500 636.953 621.899 
1501 633.111 618.608 
1502 629.269 615.323 
1503 625.427 612.043 
1504 621.588 608.77 
1505 617.75 605.504 
1506 613.916 602.246 
1507 610.086 598.996 
1508 606.261 595.756 
1509 602.44 592.525 
1510 598.626 589.304 
1511 594.819 586.094 
1512 591.02 582.895 
1513 587.229 579.709 
1514 583.448 576.535 
1515 579.677 573.375 
1516 575.916 570.229 
1517 572.168 567.098 
1518 568.432 563.982 
1519 564.709 560.882 
1520 561.001 557.799 
1521 557.307 554.733 
1522 553.629 551.686 
1523 549.968 548.657 
1524 546.325 545.647 
1525 542.699 542.657 
1526 539.093 539.688 
1527 535.507 536.741 
1528 531.942 533.815 
1529 528.398 530.912 
1530 524.877 528.033 
1531 521.379 525.178 
1532 517.906 522.347 
1533 514.457 519.542 
1534 511.035 516.764 
1535 507.639 514.012 
1536 504.272 511.288 
1537 500.933 508.592 
1538 497.623 505.926 
1539 494.344 503.289 
1540 491.096 500.683 
1541 487.88 498.108 
1542 484.698 495.565 
1543 481.549 493.054 
1544 478.436 490.577 
1545 475.358 488.134 
1546 472.317 485.726 
1547 469.313 483.354 
1548 466.349 481.018 
1549 463.424 478.719 
1550 460.539 476.459 
1551 457.695 474.236 
1552 454.894 472.052 
1553 452.133 469.907 
1554 449.414 467.8 
1555 446.737 465.731 
1556 444.101 463.701 
1557 441.507 461.708 
1558 438.955 459.754 
1559 436.445 457.837 
1560 433.976 455.958 
1561 431.549 454.117 
1562 429.164 452.313 
1563 426.821 450.546 
1564 424.52 448.817 
1565 422.261 447.125 
1566 420.044 445.47 
1567 417.869 443.853 
1568 415.736 442.271 
1569 413.645 440.727 
1570 411.597 439.219 
1571 409.59 437.748 
1572 407.626 436.313 
1573 405.704 434.914 
1574 403.824 433.552 
1575 401.987 432.225 
1576 400.192 430.935 
1577 398.44 429.68 
1578 396.73 428.46 
1579 395.062 427.277 
1580 393.437 426.128 
1581 391.854 425.015 
1582 390.314 423.937 
1583 388.816 422.893 
1584 387.361 421.885 
1585 385.949 420.911 
1586 384.579 419.972 
1587 383.252 419.067 
1588 381.968 418.197 
1589 380.726 417.36 
1590 379.527 416.558 
1591 378.371 415.789 
1592 377.258 415.054 
1593 376.188 414.353 
1594 375.16 413.685 
1595 374.175 413.051 
1596 373.233 412.449 
1597 372.334 411.88 
1598 371.478 411.344 
1599 370.665 410.841 
1600 369.895 410.371 
1601 369.168 409.932 
1602 368.483 409.525 
1603 367.84 409.15 
1604 367.238 408.805 
1605 366.677 408.489 
1606 366.156 408.203 
1607 365.674 407.946 
1608 365.232 407.716 
1609 364.827 407.514 
1610 364.461 407.338 
1611 364.131 407.188 
1612 363.838 407.064 
1613 363.581 406.964 
1614 363.359 406.888 
1615 363.171 406.836 
1616 363.018 406.806 
1617 362.898 406.798 
1618 362.811 406.812 
1619 362.756 406.846 
1620 362.732 406.9 
1621 362.74 406.973 
1622 362.777 407.065 
1623 362.844 407.175 
1624 362.94 407.302 
1625 363.064 407.446 
1626 363.216 407.605 
1627 363.395 407.779 
1628 363.6 407.968 
1629 363.83 408.17 
1630 364.085 408.385 
1631 364.365 408.613 
1632 364.668 408.851 
1633 364.995 409.101 
1634 365.343 409.361 
1635 365.713 409.629 
1636 366.103 409.907 
1637 366.514 410.192 
1638 366.944 410.484 
1639 367.393 410.782 
1640 367.86 411.086 
1641 368.344 411.394 
1642 368.844 411.707 
1643 369.361 412.022 
1644 369.892 412.34 
1645 370.438 412.66 
1646 370.998 412.98 
1647 371.57 413.301 
1648 372.155 413.621 
1649 372.751 413.939 
1650 373.358 414.255 
1651 373.974 414.568 
1652 374.6 414.878 
1653 375.235 415.183 
1654 375.878 415.484 
1655 376.529 415.78 
1656 377.187 416.071 
1657 377.851 416.355 
1658 378.522 416.633 
1659 379.197 416.905 
1660 379.878 417.169 
1661 380.562 417.425 
1662 381.25 417.672 
1663 381.942 417.911 
1664 382.635 418.141 
1665 383.331 418.361 
1666 384.027 418.57 
1667 384.725 418.769 
1668 385.422 418.957 
1669 386.118 419.132 
1670 386.814 419.296 
1671 387.507 419.446 
1672 388.198 419.584 
1673 388.886 419.707 
1674 389.57 419.816 
1675 390.25 419.911 
1676 390.925 419.989 
1677 391.594 420.053 
1678 392.257 420.099 
1679 392.913 420.129 
1680 393.562 420.141 
1681 394.202 420.136 
1682 394.834 420.111 
1683 395.456 420.068 
1684 396.068 420.005 
1685 396.669 419.922 
1686 397.259 419.819 
1687 397.837 419.694 
1688 398.402 419.548 
1689 398.953 419.379 
1690 399.49 419.187 
1691 400.013 418.972 
1692 400.52 418.733 
1693 401.011 418.47 
1694 401.485 418.181 
1695 401.941 417.867 
1696 402.379 417.527 
1697 402.799 417.16 
1698 403.198 416.765 
1699 403.578 416.343 
1700 403.936 415.892 
1701 404.273 415.413 
1702 404.588 414.904 
1703 404.881 414.367 
1704 405.152 413.801 
1705 405.402 413.207 
1706 405.629 412.585 
1707 405.834 411.934 
1708 406.018 411.256 
1709 406.179 410.55 
1710 406.318 409.816 
1711 406.435 409.055 
1712 406.529 408.267 
1713 406.601 407.451 
1714 406.651 406.609 
1715 406.679 405.74 
1716 406.684 404.845 
1717 406.666 403.923 
1718 406.626 402.975 
1719 406.564 402.001 
1720 406.478 401.001 
1721 406.37 399.976 
1722 406.24 398.925 
1723 406.086 397.849 
1724 405.91 396.748 
1725 405.711 395.621 
1726 405.488 394.471 
1727 405.243 393.295 
1728 404.975 392.095 
1729 404.684 390.871 
1730 404.369 389.624 
1731 404.032 388.352 
1732 403.671 387.057 
1733 403.287 385.738 
1734 402.88 384.396 
1735 402.449 383.031 
1736 401.995 381.644 
1737 401.517 380.233 
1738 401.016 378.801 
1739 400.491 377.346 
1740 399.943 375.869 
1741 399.371 374.37 
1742 398.776 372.85 
1743 398.156 371.308 
1744 397.513 369.746 
1745 396.846 368.162 
1746 396.155 366.557 
1747 395.44 364.932 
1748 394.702 363.287 
1749 393.939 361.621 
1750 393.152 359.936 
1751 392.341 358.231 
1752 391.506 356.506 
1753 390.648 354.763 
1754 389.767 353.003 
1755 388.863 351.224 
1756 387.937 349.429 
1757 386.99 347.618 
1758 386.02 345.791 
1759 385.029 343.949 
1760 384.018 342.092 
1761 382.986 340.222 
1762 381.934 338.338 
1763 380.863 336.441 
1764 379.772 334.533 
1765 378.662 332.612 
1766 377.534 330.681 
1767 376.388 328.74 
1768 375.224 326.789 
1769 374.043 324.829 
1770 372.844 322.86 
1771 371.63 320.884 
1772 370.399 318.9 
1773 369.153 316.91 
1774 367.891 314.913 
1775 366.614 312.912 
1776 365.323 310.906 
1777 364.018 308.895 
1778 362.699 306.882 
1779 361.367 304.865 
1780 360.022 302.847 
1781 358.665 300.827 
1782 357.295 298.806 
1783 355.914 296.785 
1784 354.522 294.764 
1785 353.119 292.745 
1786 351.706 290.727 
1787 350.284 288.712 
1788 348.851 286.7 
1789 347.41 284.692 
1790 345.96 282.689 
1791 344.502 280.69 
1792 343.037 278.698 
1793 341.564 276.712 
1794 340.084 274.733 
1795 338.598 272.762 
1796 337.106 270.8 
1797 335.609 268.847 
1798 334.107 266.904 
1799 332.6 264.972 
1800 331.089 263.051 
1801 329.575 261.142 
1802 328.057 259.246 
1803 326.536 257.363 
1804 325.013 255.493 
1805 323.488 253.637 
1806 321.961 251.796 
1807 320.433 249.969 
1808 318.903 248.157 
1809 317.373 246.361 
1810 315.843 244.581 
1811 314.313 242.818 
1812 312.783 241.071 
1813 311.254 239.342 
1814 309.727 237.631 
1815 308.201 235.938 
1816 306.677 234.264 
1817 305.156 232.609 
1818 303.638 230.974 
1819 302.122 229.359 
1820 300.611 227.765 
1821 299.103 226.192 
1822 297.6 224.64 
1823 296.101 223.111 
1824 294.608 221.604 
1825 293.121 220.12 
1826 291.639 218.659 
1827 290.164 217.223 
1828 288.696 215.81 
1829 287.235 214.423 
1830 285.782 213.061 
1831 284.336 211.725 
1832 282.9 210.415 
1833 281.472 209.133 
1834 280.053 207.877 
1835 278.645 206.649 
1836 277.246 205.45 
1837 275.858 204.279 
1838 274.481 203.138 
1839 273.116 202.026 
1840 271.762 200.945 
1841 270.421 199.895 
1842 269.093 198.875 
1843 267.777 197.888 
1844 266.476 196.933 
1845 265.188 196.011 
1846 263.915 195.122 
1847 262.657 194.267 
1848 261.414 193.447 
1849 260.187 192.661 
1850 258.976 191.911 
1851 257.782 191.196 
1852 256.605 190.517 
1853 255.445 189.875 
1854 254.301 189.267 
1855 253.174 188.695 
1856 252.065 188.159 
1857 250.972 187.658 
1858 249.896 187.192 
1859 248.838 186.761 
1860 247.796 186.366 
1861 246.772 186.005 
1862 245.765 185.679 
1863 244.775 185.387 
1864 243.802 185.13 
1865 242.847 184.908 
1866 241.91 184.72 
1867 240.989 184.566 
1868 240.086 184.446 
1869 239.201 184.36 
1870 238.334 184.308 
1871 237.484 184.29 
1872 236.651 184.305 
1873 235.837 184.354 
1874 235.04 184.436 
1875 234.261 184.552 
1876 233.5 184.701 
1877 232.756 184.883 
1878 232.031 185.097 
1879 231.324 185.345 
1880 230.635 185.625 
1881 229.963 185.938 
1882 229.31 186.283 
1883 228.676 186.66 
1884 228.059 187.07 
1885 227.461 187.511 
1886 226.881 187.985 
1887 226.319 188.49 
1888 225.776 189.027 
1889 225.251 189.595 
1890 224.744 190.195 
1891 224.257 190.826 
1892 223.787 191.488 
1893 223.337 192.181 
1894 222.905 192.905 
1895 222.492 193.66 
1896 222.098 194.445 
1897 221.722 195.261 
1898 221.365 196.107 
1899 221.028 196.983 
1900 220.709 197.889 
1901 220.409 198.824 
1902 220.128 199.789 
1903 219.865 200.783 
1904 219.621 201.805 
1905 219.394 202.854 
1906 219.185 203.931 
1907 218.994 205.033 
1908 218.819 206.161 
1909 218.662 207.315 
1910 218.521 208.493 
1911 218.396 209.695 
1912 218.287 210.92 
1913 218.195 212.168 
1914 218.117 213.438 
1915 218.055 214.73 
1916 218.007 216.042 
1917 217.975 217.375 
1918 217.956 218.727 
1919 217.952 220.099 
1920 217.961 221.488 
1921 217.984 222.896 
1922 218.02 224.32 
1923 218.069 225.761 
1924 218.13 227.218 
1925 218.204 228.69 
1926 218.289 230.176 
1927 218.387 231.677 
1928 218.495 233.191 
1929 218.615 234.717 
1930 218.746 236.255 
1931 218.887 237.804 
1932 219.038 239.364 
1933 219.199 240.934 
1934 219.37 242.513 
1935 219.55 244.101 
1936 219.739 245.697 
1937 219.936 247.3 
1938 220.142 248.909 
1939 220.356 250.525 
1940 220.577 252.145 
1941 220.806 253.771 
1942 221.042 255.399 
1943 221.285 257.031 
1944 221.534 258.666 
1945 221.789 260.302 
1946 222.05 261.939 
1947 222.317 263.577 
1948 222.588 265.214 
1949 222.864 266.85 
1950 223.145 268.484 
1951 223.43 270.116 
1952 223.719 271.744 
1953 224.011 273.369 
1954 224.307 274.99 
1955 224.606 276.605 
1956 224.907 278.215 
1957 225.211 279.819 
1958 225.518 281.417 
1959 225.826 283.007 
1960 226.136 284.589 
1961 226.448 286.163 
1962 226.761 287.727 
1963 227.075 289.282 
1964 227.389 290.827 
1965 227.704 292.36 
1966 228.019 293.882 
1967 228.333 295.392 
1968 228.647 296.889 
1969 228.961 298.373 
1970 229.273 299.842 
1971 229.584 301.297 
1972 229.894 302.737 
1973 230.202 304.16 
1974 230.507 305.567 
1975 230.81 306.957 
1976 231.11 308.329 
1977 231.408 309.682 
1978 231.701 311.016 
1979 231.992 312.33 
1980 232.278 313.624 
1981 232.56 314.897 
1982 232.838 316.148 
1983 233.111 317.376 
1984 233.379 318.581 
1985 233.641 319.763 
1986 233.898 320.92 
1987 234.149 322.052 
1988 234.393 323.158 
1989 234.631 324.238 
1990 234.862 325.291 
1991 235.086 326.315 
1992 235.303 327.312 
1993 235.511 328.279 
1994 235.711 329.216 
1995 235.903 330.123 
1996 236.087 330.998 
1997 236.261 331.842 
1998 236.425 332.653 
1999 236.581 333.43 
2000 236.726 334.174 
2001 236.86 334.883 
2002 236.985 335.557 
2003 237.099 336.195 
2004 237.202 336.799 
2005 237.295 337.366 
2006 237.377 337.898 
2007 237.448 338.395 
2008 237.508 338.854 
2009 237.558 339.278 
2010 237.596 339.665 
2011 237.623 340.015 
2012 237.639 340.328 
2013 237.644 340.603 
2014 237.637 340.842 
2015 237.619 341.042 
2016 237.589 341.205 
2017 237.548 341.33 
2018 237.495 341.416 
2019 237.43 341.464 
2020 237.353 341.473 
2021 237.265 341.443 
2022 237.164 341.374 
2023 237.051 341.266 
2024 236.926 341.118 
2025 236.789 340.93 
2026 236.639 340.702 
2027 236.477 340.434 
2028 236.302 340.125 
2029 236.115 339.776 
2030 235.914 339.385 
2031 235.702 338.954 
2032 235.476 338.481 
2033 235.237 337.967 
2034 234.985 337.411 
2035 234.72 336.813 
2036 234.442 336.173 
2037 234.15 335.49 
2038 233.845 334.764 
2039 233.526 333.996 
2040 233.194 333.184 
2041 232.848 332.329 
2042 232.489 331.431 
2043 232.115 330.488 
2044 231.728 329.502 
2045 231.326 328.471 
2046 230.91 327.396 
2047 230.48 326.276 
2048 230.036 325.111 
2049 229.578 323.901 
2050 229.104 322.646 
2051 228.617 321.345 
2052 228.115 319.998 
2053 227.598 318.607 
2054 227.068 317.172 
2055 226.524 315.692 
2056 225.967 314.169 
2057 225.396 312.602 
2058 224.812 310.993 
2059 224.215 309.341 
2060 223.605 307.648 
2061 222.983 305.912 
2062 222.349 304.136 
2063 221.703 302.319 
2064 221.044 300.462 
2065 220.374 298.565 
2066 219.693 296.628 
2067 219.001 294.652 
2068 218.298 292.638 
2069 217.583 290.586 
2070 216.859 288.496 
2071 216.124 286.368 
2072 215.379 284.204 
2073 214.624 282.004 
2074 213.86 279.767 
2075 213.087 277.495 
2076 212.304 275.188 
2077 211.512 272.847 
2078 210.712 270.471 
2079 209.903 268.061 
2080 209.086 265.619 
2081 208.261 263.143 
2082 207.428 260.635 
2083 206.588 258.096 
2084 205.74 255.525 
2085 204.885 252.923 
2086 204.024 250.291 
2087 203.156 247.628 
2088 202.282 244.936 
2089 201.402 242.215 
2090 200.516 239.466 
2091 199.624 236.688 
2092 198.727 233.883 
2093 197.825 231.051 
2094 196.918 228.192 
2095 196.006 225.307 
2096 195.09 222.396 
2097 194.17 219.46 
2098 193.246 216.5 
2099 192.319 213.515 
2100 191.388 210.506 
2101 190.454 207.475 
2102 189.517 204.421 
2103 188.578 201.345 
2104 187.636 198.248 
2105 186.692 195.131 
2106 185.745 191.995 
2107 184.797 188.839 
2108 183.847 185.666 
2109 182.895 182.475 
2110 181.942 179.268 
2111 180.987 176.045 
2112 180.032 172.807 
2113 179.076 169.555 
2114 178.12 166.289 
2115 177.163 163.011 
2116 176.205 159.721 
2117 175.248 156.419 
2118 174.291 153.107 
2119 173.335 149.785 
2120 172.379 146.455 
2121 171.424 143.117 
2122 170.47 139.771 
2123 169.517 136.419 
2124 168.566 133.061 
2125 167.616 129.698 
2126 166.668 126.331 
2127 165.723 122.961 
2128 164.779 119.588 
2129 163.838 116.214 
2130 162.9 112.839 
2131 161.964 109.463 
2132 161.032 106.089 
2133 160.103 102.716 
2134 159.177 99.3456 
2135 158.256 95.9784 
2136 157.338 92.6152 
2137 156.424 89.257 
2138 155.515 85.9045 
2139 154.61 82.5586 
2140 153.711 79.2201 
2141 152.816 75.8899 
2142 151.926 72.5688 
2143 151.042 69.2577 
2144 150.164 65.9574 
2145 149.292 62.6688 
2146 148.426 59.3927 
2147 147.566 56.1301 
2148 146.712 52.8817 
2149 145.866 49.6484 
2150 145.026 46.4312 
2151 144.194 43.2308 
2152 143.369 40.0479 
2153 142.552 36.8829 
2154 141.742 33.7364 
2155 140.939 30.609 
2156 140.144 27.5012 
2157 139.357 24.4135 
2158 138.577 21.3465 
2159 137.805 18.3008 
2160 137.041 15.2769 
2161 136.285 12.2753 
2162 135.536 9.29669 
2163 134.796 6.34152 
2164 134.064 3.41039 
2165 133.339 0.503846 
2166 132.623 -2.37753 
2167 131.915 -5.23319 
2168 131.216 -8.06255 
2169 130.524 -10.865 
2170 129.841 -13.6401 
2171 129.167 -16.3872 
2172 128.501 -19.1056 
2173 127.844 -21.7949 
2174 127.195 -24.4545 
2175 126.555 -27.0837 
2176 125.924 -29.6821 
2177 125.301 -32.2489 
2178 124.688 -34.7837 
2179 124.083 -37.2858 
2180 123.488 -39.7547 
2181 122.901 -42.1897 
2182 122.324 -44.5903 
2183 121.756 -46.9558 
2184 121.197 -49.2857 
2185 120.648 -51.5794 
2186 120.108 -53.8362 
2187 119.577 -56.0556 
2188 119.056 -58.2369 
2189 118.545 -60.3796 
2190 118.043 -62.483 
2191 117.551 -64.5466 
2192 117.068 -66.5696 
2193 116.596 -68.5516 
2194 116.133 -70.4918 
2195 115.681 -72.3897 
2196 115.238 -74.2446 
2197 114.806 -76.056 
2198 114.383 -77.8231 
2199 113.971 -79.5454 
2200 113.57 -81.2223 
2201 113.178 -82.853 
2202 112.797 -84.4368 
2203 112.426 -85.9728 
2204 112.066 -87.4603 
2205 111.715 -88.8984 
2206 111.374 -90.2862 
2207 111.043 -91.623 
2208 110.721 -92.9079 
2209 110.41 -94.14 
2210 110.107 -95.3185 
2211 109.814 -96.4426 
2212 109.531 -97.5114 
2213 109.256 -98.524 
2214 108.991 -99.4796 
2215 108.735 -100.377 
2216 108.488 -101.217 
2217 108.249 -101.996 
2218 108.019 -102.715 
2219 107.798 -103.373 
2220 107.585 -103.968 
2221 107.381 -104.501 
2222 107.185 -104.969 
2223 106.997 -105.373 
2224 106.817 -105.711 
2225 106.645 -105.983 
2226 106.481 -106.187 
2227 106.325 -106.323 
2228 106.177 -106.389 
2229 106.036 -106.385 
2230 105.902 -106.311 
2231 105.776 -106.164 
2232 105.657 -105.944 
2233 105.545 -105.651 
2234 105.44 -105.283 
2235 105.343 -104.84 
2236 105.252 -104.32 
2237 105.167 -103.723 
2238 105.089 -103.047 
2239 105.018 -102.292 
2240 104.953 -101.457 
2241 104.894 -100.541 
2242 104.842 -99.5429 
2243 104.795 -98.4619 
2244 104.754 -97.2969 
2245 104.72 -96.0471 
2246 104.69 -94.7116 
2247 104.667 -93.2893 
2248 104.649 -91.7794 
2249 104.636 -90.1808 
2250 104.628 -88.4928 
2251 104.626 -86.7147 
2252 104.628 -84.8482 
2253 104.635 -82.8956 
2254 104.647 -80.8589 
2255 104.663 -78.7404 
2256 104.684 -76.5422 
2257 104.709 -74.2666 
2258 104.738 -71.9157 
2259 104.771 -69.4918 
2260 104.807 -66.997 
2261 104.848 -64.4336 
2262 104.891 -61.8038 
2263 104.938 -59.11 
2264 104.988 -56.3543 
2265 105.041 -53.5389 
2266 105.097 -50.6663 
2267 105.155 -47.7385 
2268 105.216 -44.7581 
2269 105.279 -41.7271 
2270 105.344 -38.648 
2271 105.412 -35.523 
2272 105.481 -32.3545 
2273 105.552 -29.1448 
2274 105.624 -25.8963 
2275 105.698 -22.6112 
2276 105.773 -19.2919 
2277 105.849 -15.9409 
2278 105.925 -12.5604 
2279 106.003 -9.15291 
2280 106.081 -5.72074 
2281 106.159 -2.26632 
2282 106.238 1.20796 
2283 106.317 4.69968 
2284 106.395 8.20641 
2285 106.473 11.7257 
2286 106.551 15.2552 
2287 106.628 18.7923 
2288 106.704 22.3347 
2289 106.779 25.8799 
2290 106.853 29.4253 
2291 106.926 32.9685 
2292 106.997 36.5071 
2293 107.067 40.0385 
2294 107.135 43.5602 
2295 107.2 47.0697 
2296 107.264 50.5644 
2297 107.325 54.0419 
2298 107.384 57.4995 
2299 107.439 60.9348 
2300 107.492 64.3451 
2301 107.542 67.7295 
2302 107.589 71.0936 
2303 107.633 74.4445 
2304 107.673 77.7893 
2305 107.71 81.1352 
2306 107.744 84.4896 
2307 107.775 87.8596 
2308 107.802 91.2525 
2309 107.826 94.6757 
2310 107.847 98.1364 
2311 107.864 101.642 
2312 107.877 105.2 
2313 107.887 108.817 
2314 107.894 112.502 
2315 107.897 116.261 
2316 107.897 120.103 
2317 107.892 124.034 
2318 107.885 128.062 
2319 107.873 132.194 
2320 107.858 136.439 
2321 107.839 140.804 
2322 107.816 145.296 
2323 107.789 149.923 
2324 107.758 154.693 
2325 107.724 159.614 
2326 107.685 164.693 
2327 107.643 169.938 
2328 107.596 175.357 
2329 107.546 180.957 
2330 107.491 186.747 
2331 107.432 192.734 
2332 107.369 198.926 
2333 107.302 205.332 
2334 107.23 211.958 
2335 107.155 218.814 
2336 107.074 225.906 
2337 106.99 233.244 
2338 106.901 240.835 
2339 106.808 248.687 
2340 106.71 256.808 
2341 106.608 265.206 
2342 106.501 273.89 
2343 106.389 282.868 
2344 106.273 292.148 
2345 106.153 301.738 
2346 106.027 311.646 
2347 105.897 321.881 
2348 105.762 332.451 
2349 105.622 343.364 
2350 105.478 354.629 
2351 105.328 366.247 
2352 105.174 378.194 
2353 105.015 390.44 
2354 104.851 402.954 
2355 104.682 415.704 
2356 104.509 428.658 
2357 104.331 441.787 
2358 104.148 455.058 
2359 103.961 468.44 
2360 103.769 481.902 
2361 103.573 495.41 
2362 103.373 508.935 
2363 103.168 522.443 
2364 102.958 535.903 
2365 102.745 549.283 
2366 102.527 562.55 
2367 102.305 575.672 
2368 102.078 588.616 
2369 101.848 601.35 
2370 101.613 613.841 
2371 101.375 626.056 
2372 101.132 637.963 
2373 100.886 649.528 
2374 100.635 660.718 
2375 100.381 671.5 
2376 100.123 681.841 
2377 99.8609 691.707 
2378 99.5952 701.064 
2379 99.3258 709.879 
2380 99.0528 718.118 
2381 98.7762 725.747 
2382 98.496 732.733 
2383 98.2123 739.04 
2384 97.9252 744.635 
2385 97.6346 749.483 
2386 97.3407 753.55 
2387 97.0435 756.801 
2388 96.743 759.202 
2389 96.4392 760.718 
2390 96.1323 761.314 
2391 95.8222 760.955 
2392 95.5091 759.605 
2393 95.1929 757.23 
2394 94.8737 753.794 
2395 94.5515 749.262 
2396 94.2265 743.598 
2397 93.8987 736.766 
2398 93.568 728.731 
2399 93.2346 719.457 
2400 92.8984 708.907 
2401 92.5597 697.071 
2402 92.2184 684.041 
2403 91.8747 669.933 
2404 91.5286 654.864 
2405 91.1804 638.953 
2406 90.83 622.318 
2407 90.4777 605.077 
2408 90.1235 587.35 
2409 89.7675 569.255 
2410 89.41 550.913 
2411 89.0508 532.444 
2412 88.6903 513.968 
2413 88.3285 495.606 
2414 87.9655 477.481 
2415 87.6014 459.713 
2416 87.2364 442.426 
2417 86.8706 425.74 
2418 86.504 409.781 
2419 86.1368 394.67 
2420 85.7692 380.532 
2421 85.4012 367.492 
2422 85.0329 355.673 
2423 84.6646 345.201 
2424 84.2962 336.201 
2425 83.9279 328.8 
2426 83.5599 323.122 
2427 83.1922 319.296 
2428 82.825 317.448 
2429 82.4584 317.706 
2430 82.0926 320.197 
2431 81.7275 325.05 
2432 81.3634 332.394 
2433 81.0005 342.357 
2434 80.6387 355.069 
2435 80.2782 370.661 
2436 79.9192 389.262 
2437 79.5618 411.003 
2438 79.2061 436.016 
2439 78.8523 464.431 
2440 78.5004 496.382 
2441 78.1505 532 
2442 77.8029 571.419 
2443 77.4576 614.771 
2444 77.1148 662.19 
2445 76.7746 713.81 
2446 76.4371 769.766 
2447 76.1025 830.192 
2448 75.7708 895.224 
2449 75.4422 964.998 
2450 75.1169 1039.65 
2451 74.7949 1119.28 
2452 74.4762 1203.84 
2453 74.1607 1293.23 
2454 73.8484 1387.39 
2455 73.5391 1486.21 
2456 73.2329 1589.62 
2457 72.9296 1697.52 
2458 72.6292 1809.82 
2459 72.3316 1926.45 
2460 72.0367 2047.3 
2461 71.7444 2172.3 
2462 71.4548 2301.35 
2463 71.1676 2434.36 
2464 70.8829 2571.24 
2465 70.6006 2711.91 
2466 70.3205 2856.27 
2467 70.0426 3004.23 
2468 69.7669 3155.71 
2469 69.4932 3310.6 
2470 69.2216 3468.83 
2471 68.9518 3630.29 
2472 68.6839 3794.89 
2473 68.4178 3962.55 
2474 68.1533 4133.17 
2475 67.8905 4306.66 
2476 67.6291 4482.91 
2477 67.3693 4661.85 
2478 67.1108 4843.37 
2479 66.8536 5027.39 
2480 66.5977 5213.8 
2481 66.3429 5402.51 
2482 66.0892 5593.43 
2483 65.8365 5786.45 
2484 65.5847 5981.5 
2485 65.3337 6178.46 
2486 65.0835 6377.24 
2487 64.834 6577.75 
2488 64.585 6779.88 
2489 64.3366 6983.54 
2490 64.0886 7188.64 
2491 63.841 7395.07 
2492 63.5937 7602.73 
2493 63.3466 7811.53 
2494 63.0995 8021.37 
2495 62.8526 8232.14 
2496 62.6055 8443.75 
2497 62.3584 8656.1 
2498 62.111 8869.09 
2499 61.8634 9082.61 
2500 61.6154 9296.57 
