2 1022.27 1022.27 
3 966.082 966.084 
4 914.368 914.369 
5 875.597 875.593 
6 848.817 848.819 
7 831.49 831.489 
8 821.316 821.317 
9 816.014 816.019 
10 815.747 815.752 
11 817.95 817.955 
12 822.655 822.659 
13 828.529 828.53 
14 836.421 836.418 
15 846.171 846.164 
16 855.719 855.711 
17 865.656 865.649 
18 877.032 877.027 
19 890.119 890.119 
20 904.216 904.22 
21 918.03 918.037 
22 931.689 931.696 
23 945.626 945.631 
24 960.051 960.053 
25 974.901 974.9 
26 989.945 989.942 
27 1005.29 1005.28 
28 1021.03 1021.03 
29 1037.14 1037.13 
30 1053.39 1053.39 
31 1069.52 1069.51 
32 1085.62 1085.61 
33 1101.88 1101.88 
34 1118.46 1118.45 
35 1135.47 1135.46 
36 1152.96 1152.95 
37 1170.95 1170.94 
38 1189.39 1189.38 
39 1208.16 1208.15 
40 1227.06 1227.04 
41 1245.88 1245.87 
42 1264.66 1264.65 
43 1283.46 1283.45 
44 1302.35 1302.35 
45 1321.39 1321.38 
46 1340.61 1340.6 
47 1360.03 1360.02 
48 1379.67 1379.66 
49 1399.51 1399.51 
50 1419.53 1419.53 
51 1439.69 1439.69 
52 1460.02 1460.02 
53 1480.54 1480.55 
54 1501.3 1501.3 
55 1522.3 1522.31 
56 1543.56 1543.56 
57 1565.07 1565.08 
58 1586.83 1586.83 
59 1608.81 1608.82 
60 1630.98 1630.99 
61 1653.31 1653.32 
62 1675.81 1675.81 
63 1698.5 1698.5 
64 1721.4 1721.4 
65 1744.52 1744.52 
66 1767.88 1767.88 
67 1791.47 1791.48 
68 1815.31 1815.31 
69 1839.38 1839.38 
70 1863.68 1863.68 
71 1888.2 1888.2 
72 1912.94 1912.94 
73 1937.92 1937.92 
74 1963.15 1963.14 
75 1988.63 1988.62 
76 2014.37 2014.35 
77 2040.36 2040.34 
78 2066.61 2066.59 
79 2093.1 2093.08 
80 2119.83 2119.81 
81 2146.8 2146.78 
82 2173.99 2173.97 
83 2201.42 2201.4 
84 2229.1 2229.08 
85 2257.03 2257.01 
86 2285.2 2285.18 
87 2313.63 2313.61 
88 2342.3 2342.28 
89 2371.2 2371.19 
90 2400.35 2400.33 
91 2429.72 2429.7 
92 2459.31 2459.3 
93 2489.13 2489.12 
94 2519.18 2519.18 
95 2549.46 2549.45 
96 2579.95 2579.95 
97 2610.66 2610.66 
98 2641.58 2641.58 
99 2672.71 2672.71 
100 2704.02 2704.02 
101 2735.52 2735.52 
102 2767.2 2767.2 
103 2799.06 2799.06 
104 2831.11 2831.11 
105 2863.34 2863.34 
106 2895.76 2895.76 
107 2928.36 2928.35 
108 2961.13 2961.13 
109 2994.09 2994.08 
110 3027.22 3027.21 
111 3060.51 3060.5 
112 3093.97 3093.95 
113 3127.58 3127.56 
114 3161.33 3161.32 
115 3195.22 3195.21 
116 3229.24 3229.22 
117 3263.37 3263.35 
118 3297.61 3297.59 
119 3331.94 3331.91 
120 3366.33 3366.31 
121 3400.79 3400.76 
122 3435.3 3435.27 
123 3469.86 3469.83 
124 3504.47 3504.44 
125 3539.11 3539.08 
126 3573.79 3573.76 
127 3608.49 3608.47 
128 3643.22 3643.2 
129 3677.96 3677.94 
130 3712.71 3712.69 
131 3747.46 3747.44 
132 3782.2 3782.18 
133 3816.92 3816.9 
134 3851.61 3851.59 
135 3886.26 3886.24 
136 3920.86 3920.84 
137 3955.39 3955.38 
138 3989.86 3989.85 
139 4024.24 4024.22 
140 4058.51 4058.5 
141 4092.68 4092.67 
142 4126.72 4126.71 
143 4160.64 4160.63 
144 4194.41 4194.4 
145 4228.05 4228.04 
146 4261.53 4261.51 
147 4294.85 4294.83 
148 4328 4327.98 
149 4360.97 4360.95 
150 4393.75 4393.73 
151 4426.34 4426.31 
152 4458.71 4458.69 
153 4490.87 4490.84 
154 4522.8 4522.77 
155 4554.48 4554.45 
156 4585.92 4585.89 
157 4617.09 4617.06 
158 4647.99 4647.95 
159 4678.6 4678.56 
160 4708.91 4708.87 
161 4738.9 4738.87 
162 4768.58 4768.54 
163 4797.92 4797.88 
164 4826.93 4826.89 
165 4855.59 4855.55 
166 4883.9 4883.86 
167 4911.85 4911.81 
168 4939.42 4939.39 
169 4966.62 4966.58 
170 4993.43 4993.4 
171 5019.85 5019.81 
172 5045.86 5045.82 
173 5071.45 5071.42 
174 5096.62 5096.59 
175 5121.36 5121.33 
176 5145.66 5145.63 
177 5169.51 5169.48 
178 5192.9 5192.87 
179 5215.82 5215.79 
180 5238.26 5238.23 
181 5260.21 5260.18 
182 5281.66 5281.64 
183 5302.61 5302.59 
184 5323.06 5323.03 
185 5342.98 5342.96 
186 5362.39 5362.37 
187 5381.27 5381.25 
188 5399.62 5399.59 
189 5417.43 5417.4 
190 5434.7 5434.67 
191 5451.41 5451.38 
192 5467.57 5467.54 
193 5483.17 5483.13 
194 5498.2 5498.16 
195 5512.65 5512.61 
196 5526.53 5526.48 
197 5539.81 5539.77 
198 5552.51 5552.47 
199 5564.62 5564.57 
200 5576.12 5576.07 
201 5587.01 5586.96 
202 5597.29 5597.24 
203 5606.96 5606.91 
204 5616.02 5615.96 
205 5624.45 5624.39 
206 5632.26 5632.21 
207 5639.45 5639.4 
208 5646.02 5645.96 
209 5651.96 5651.9 
210 5657.27 5657.21 
211 5661.94 5661.88 
212 5665.99 5665.93 
213 5669.4 5669.34 
214 5672.18 5672.11 
215 5674.32 5674.25 
216 5675.82 5675.76 
217 5676.69 5676.62 
218 5676.92 5676.85 
219 5676.51 5676.44 
220 5675.46 5675.4 
221 5673.78 5673.71 
222 5671.45 5671.38 
223 5668.49 5668.42 
224 5664.89 5664.82 
225 5660.66 5660.59 
226 5655.78 5655.71 
227 5650.28 5650.21 
228 5644.14 5644.07 
229 5637.38 5637.3 
230 5629.98 5629.91 
231 5621.97 5621.89 
232 5613.33 5613.25 
233 5604.07 5603.99 
234 5594.2 5594.12 
235 5583.71 5583.63 
236 5572.62 5572.54 
237 5560.92 5560.84 
238 5548.63 5548.55 
239 5535.74 5535.66 
240 5522.26 5522.17 
241 5508.19 5508.11 
242 5493.55 5493.46 
243 5478.33 5478.24 
244 5462.54 5462.45 
245 5446.18 5446.1 
246 5429.28 5429.19 
247 5411.82 5411.72 
248 5393.81 5393.72 
249 5375.27 5375.18 
250 5356.2 5356.11 
251 5336.61 5336.52 
252 5316.5 5316.41 
253 5295.89 5295.79 
254 5274.76 5274.67 
255 5253.15 5253.05 
256 5231.04 5230.94 
257 5208.45 5208.35 
258 5185.38 5185.28 
259 5161.84 5161.74 
260 5137.85 5137.74 
261 5113.4 5113.29 
262 5088.5 5088.4 
263 5063.17 5063.07 
264 5037.42 5037.31 
265 5011.24 5011.13 
266 4984.65 4984.55 
267 4957.67 4957.56 
268 4930.29 4930.18 
269 4902.53 4902.42 
270 4874.4 4874.29 
271 4845.9 4845.79 
272 4817.06 4816.95 
273 4787.88 4787.76 
274 4758.36 4758.25 
275 4728.53 4728.42 
276 4698.39 4698.28 
277 4667.96 4667.84 
278 4637.23 4637.12 
279 4606.23 4606.11 
280 4574.96 4574.84 
281 4543.43 4543.31 
282 4511.66 4511.54 
283 4479.64 4479.52 
284 4447.4 4447.28 
285 4414.95 4414.83 
286 4382.29 4382.16 
287 4349.43 4349.31 
288 4316.4 4316.27 
289 4283.19 4283.07 
290 4249.83 4249.7 
291 4216.31 4216.19 
292 4182.67 4182.54 
293 4148.9 4148.77 
294 4115.02 4114.89 
295 4081.05 4080.92 
296 4046.99 4046.86 
297 4012.86 4012.73 
298 3978.68 3978.55 
299 3944.45 3944.32 
300 3910.19 3910.06 
301 3875.92 3875.78 
302 3841.63 3841.5 
303 3807.35 3807.21 
304 3773.07 3772.94 
305 3738.81 3738.68 
306 3704.58 3704.44 
307 3670.37 3670.24 
308 3636.21 3636.07 
309 3602.1 3601.96 
310 3568.04 3567.9 
311 3534.04 3533.9 
312 3500.12 3499.98 
313 3466.28 3466.14 
314 3432.53 3432.39 
315 3398.88 3398.73 
316 3365.33 3365.18 
317 3331.89 3331.75 
318 3298.58 3298.44 
319 3265.4 3265.26 
320 3232.37 3232.22 
321 3199.47 3199.33 
322 3166.74 3166.59 
323 3134.17 3134.02 
324 3101.77 3101.63 
325 3069.56 3069.41 
326 3037.54 3037.39 
327 3005.71 3005.57 
328 2974.1 2973.95 
329 2942.7 2942.55 
330 2911.53 2911.38 
331 2880.59 2880.44 
332 2849.9 2849.75 
333 2819.45 2819.31 
334 2789.27 2789.12 
335 2759.36 2759.21 
336 2729.73 2729.58 
337 2700.38 2700.23 
338 2671.33 2671.18 
339 2642.59 2642.44 
340 2614.16 2614.01 
341 2586.05 2585.9 
342 2558.27 2558.12 
343 2530.84 2530.69 
344 2503.75 2503.6 
345 2477.03 2476.88 
346 2450.67 2450.52 
347 2424.69 2424.54 
348 2399.09 2398.94 
349 2373.9 2373.74 
350 2349.1 2348.95 
351 2324.72 2324.57 
352 2300.75 2300.6 
353 2277.21 2277.06 
354 2254.08 2253.93 
355 2231.38 2231.23 
356 2209.11 2208.96 
357 2187.28 2187.12 
358 2165.87 2165.72 
359 2144.9 2144.75 
360 2124.37 2124.22 
361 2104.27 2104.12 
362 2084.62 2084.47 
363 2065.42 2065.27 
364 2046.65 2046.5 
365 2028.34 2028.19 
366 2010.47 2010.32 
367 1993.05 1992.9 
368 1976.09 1975.94 
369 1959.57 1959.42 
370 1943.51 1943.36 
371 1927.9 1927.75 
372 1912.74 1912.59 
373 1898.03 1897.88 
374 1883.78 1883.63 
375 1869.99 1869.84 
376 1856.65 1856.5 
377 1843.76 1843.61 
378 1831.32 1831.17 
379 1819.34 1819.19 
380 1807.81 1807.66 
381 1796.73 1796.58 
382 1786.1 1785.95 
383 1775.92 1775.77 
384 1766.18 1766.03 
385 1756.9 1756.74 
386 1748.05 1747.9 
387 1739.65 1739.5 
388 1731.69 1731.54 
389 1724.16 1724.01 
390 1717.08 1716.92 
391 1710.42 1710.27 
392 1704.19 1704.04 
393 1698.4 1698.24 
394 1693.02 1692.87 
395 1688.07 1687.92 
396 1683.53 1683.38 
397 1679.41 1679.26 
398 1675.7 1675.54 
399 1672.39 1672.24 
400 1669.48 1669.33 
401 1666.97 1666.82 
402 1664.86 1664.71 
403 1663.14 1662.99 
404 1661.8 1661.65 
405 1660.86 1660.71 
406 1660.29 1660.14 
407 1660.1 1659.95 
408 1660.29 1660.14 
409 1660.86 1660.7 
410 1661.78 1661.63 
411 1663.08 1662.93 
412 1664.73 1664.58 
413 1666.74 1666.59 
414 1669.1 1668.95 
415 1671.8 1671.65 
416 1674.85 1674.7 
417 1678.23 1678.08 
418 1681.95 1681.79 
419 1685.99 1685.83 
420 1690.35 1690.19 
421 1695.02 1694.87 
422 1700 1699.85 
423 1705.29 1705.14 
424 1710.87 1710.72 
425 1716.74 1716.59 
426 1722.9 1722.75 
427 1729.33 1729.18 
428 1736.03 1735.88 
429 1743 1742.84 
430 1750.21 1750.06 
431 1757.68 1757.53 
432 1765.39 1765.23 
433 1773.32 1773.17 
434 1781.49 1781.33 
435 1789.86 1789.71 
436 1798.45 1798.29 
437 1807.23 1807.08 
438 1816.2 1816.05 
439 1825.36 1825.2 
440 1834.68 1834.53 
441 1844.17 1844.01 
442 1853.81 1853.65 
443 1863.59 1863.43 
444 1873.5 1873.34 
445 1883.54 1883.38 
446 1893.69 1893.53 
447 1903.94 1903.78 
448 1914.27 1914.11 
449 1924.69 1924.53 
450 1935.18 1935.02 
451 1945.72 1945.56 
452 1956.32 1956.16 
453 1966.96 1966.8 
454 1977.65 1977.49 
455 1988.38 1988.22 
456 1999.15 1998.99 
457 2009.95 2009.79 
458 2020.78 2020.61 
459 2031.63 2031.46 
460 2042.5 2042.34 
461 2053.39 2053.22 
462 2064.29 2064.12 
463 2075.19 2075.02 
464 2086.09 2085.92 
465 2096.99 2096.82 
466 2107.88 2107.71 
467 2118.76 2118.59 
468 2129.62 2129.45 
469 2140.46 2140.28 
470 2151.27 2151.09 
471 2162.04 2161.86 
472 2172.77 2172.6 
473 2183.46 2183.28 
474 2194.1 2193.92 
475 2204.68 2204.5 
476 2215.21 2215.03 
477 2225.66 2225.48 
478 2236.04 2235.86 
479 2246.35 2246.16 
480 2256.56 2256.38 
481 2266.69 2266.5 
482 2276.72 2276.53 
483 2286.65 2286.46 
484 2296.46 2296.27 
485 2306.16 2305.97 
486 2315.74 2315.55 
487 2325.19 2325 
488 2334.5 2334.31 
489 2343.67 2343.48 
490 2352.7 2352.5 
491 2361.56 2361.36 
492 2370.26 2370.06 
493 2378.79 2378.59 
494 2387.15 2386.94 
495 2395.31 2395.11 
496 2403.29 2403.08 
497 2411.07 2410.86 
498 2418.64 2418.43 
499 2425.99 2425.78 
500 2433.12 2432.91 
501 2440.02 2439.81 
502 2446.7 2446.48 
503 2453.14 2452.92 
504 2459.35 2459.13 
505 2465.32 2465.1 
506 2471.07 2470.85 
507 2476.58 2476.36 
508 2481.87 2481.64 
509 2486.92 2486.69 
510 2491.74 2491.51 
511 2496.33 2496.1 
512 2500.68 2500.45 
513 2504.81 2504.57 
514 2508.7 2508.46 
515 2512.36 2512.12 
516 2515.79 2515.55 
517 2518.99 2518.75 
518 2521.95 2521.71 
519 2524.69 2524.45 
520 2527.2 2526.95 
521 2529.47 2529.23 
522 2531.52 2531.27 
523 2533.34 2533.09 
524 2534.93 2534.67 
525 2536.29 2536.03 
526 2537.42 2537.16 
527 2538.32 2538.06 
528 2539 2538.74 
529 2539.45 2539.19 
530 2539.68 2539.41 
531 2539.68 2539.41 
532 2539.46 2539.19 
533 2539.01 2538.74 
534 2538.34 2538.06 
535 2537.45 2537.17 
536 2536.34 2536.06 
537 2535 2534.72 
538 2533.45 2533.17 
539 2531.68 2531.39 
540 2529.69 2529.4 
541 2527.49 2527.2 
542 2525.07 2524.78 
543 2522.44 2522.14 
544 2519.59 2519.29 
545 2516.53 2516.23 
546 2513.27 2512.96 
547 2509.79 2509.48 
548 2506.1 2505.79 
549 2502.21 2501.9 
550 2498.11 2497.8 
551 2493.81 2493.49 
552 2489.3 2488.99 
553 2484.6 2484.28 
554 2479.71 2479.39 
555 2474.63 2474.3 
556 2469.35 2469.02 
557 2463.9 2463.57 
558 2458.26 2457.93 
559 2452.45 2452.11 
560 2446.46 2446.12 
561 2440.31 2439.97 
562 2433.99 2433.65 
563 2427.51 2427.16 
564 2420.87 2420.52 
565 2414.08 2413.73 
566 2407.14 2406.79 
567 2400.06 2399.7 
568 2392.84 2392.48 
569 2385.48 2385.11 
570 2377.98 2377.62 
571 2370.37 2370 
572 2362.63 2362.25 
573 2354.77 2354.39 
574 2346.79 2346.42 
575 2338.71 2338.34 
576 2330.53 2330.15 
577 2322.25 2321.86 
578 2313.87 2313.49 
579 2305.41 2305.02 
580 2296.86 2296.47 
581 2288.23 2287.84 
582 2279.54 2279.14 
583 2270.77 2270.37 
584 2261.94 2261.54 
585 2253.06 2252.65 
586 2244.12 2243.71 
587 2235.14 2234.73 
588 2226.12 2225.71 
589 2217.07 2216.65 
590 2207.99 2207.57 
591 2198.88 2198.46 
592 2189.77 2189.34 
593 2180.64 2180.21 
594 2171.51 2171.08 
595 2162.38 2161.94 
596 2153.26 2152.82 
597 2144.15 2143.72 
598 2135.07 2134.63 
599 2126.02 2125.58 
600 2117 2116.56 
601 2108.03 2107.58 
602 2099.1 2098.65 
603 2090.22 2089.76 
604 2081.39 2080.93 
605 2072.61 2072.15 
606 2063.89 2063.43 
607 2055.23 2054.76 
608 2046.63 2046.16 
609 2038.1 2037.63 
610 2029.63 2029.16 
611 2021.24 2020.76 
612 2012.92 2012.44 
613 2004.68 2004.2 
614 1996.52 1996.03 
615 1988.44 1987.95 
616 1980.45 1979.96 
617 1972.55 1972.06 
618 1964.74 1964.25 
619 1957.03 1956.54 
620 1949.42 1948.93 
621 1941.92 1941.42 
622 1934.52 1934.02 
623 1927.23 1926.72 
624 1920.05 1919.54 
625 1912.99 1912.48 
626 1906.05 1905.54 
627 1899.24 1898.72 
628 1892.55 1892.03 
629 1885.99 1885.47 
630 1879.57 1879.04 
631 1873.28 1872.76 
632 1867.14 1866.61 
633 1861.14 1860.61 
634 1855.29 1854.76 
635 1849.59 1849.06 
636 1844.05 1843.52 
637 1838.67 1838.13 
638 1833.45 1832.91 
639 1828.41 1827.86 
640 1823.53 1822.99 
641 1818.83 1818.28 
642 1814.31 1813.76 
643 1809.97 1809.42 
644 1805.82 1805.26 
645 1801.86 1801.3 
646 1798.09 1797.54 
647 1794.53 1793.97 
648 1791.17 1790.61 
649 1788.02 1787.45 
650 1785.08 1784.51 
651 1782.35 1781.78 
652 1779.84 1779.27 
653 1777.55 1776.98 
654 1775.47 1774.89 
655 1773.6 1773.03 
656 1771.94 1771.37 
657 1770.5 1769.92 
658 1769.27 1768.69 
659 1768.25 1767.67 
660 1767.43 1766.85 
661 1766.83 1766.24 
662 1766.43 1765.84 
663 1766.23 1765.65 
664 1766.24 1765.66 
665 1766.46 1765.87 
666 1766.88 1766.29 
667 1767.5 1766.9 
668 1768.32 1767.72 
669 1769.33 1768.74 
670 1770.55 1769.95 
671 1771.96 1771.36 
672 1773.57 1772.97 
673 1775.37 1774.77 
674 1777.37 1776.76 
675 1779.55 1778.95 
676 1781.92 1781.32 
677 1784.49 1783.88 
678 1787.24 1786.63 
679 1790.17 1789.56 
680 1793.29 1792.68 
681 1796.59 1795.98 
682 1800.07 1799.45 
683 1803.72 1803.11 
684 1807.56 1806.94 
685 1811.57 1810.95 
686 1815.75 1815.14 
687 1820.11 1819.49 
688 1824.63 1824.01 
689 1829.32 1828.7 
690 1834.18 1833.56 
691 1839.2 1838.58 
692 1844.38 1843.76 
693 1849.73 1849.1 
694 1855.23 1854.6 
695 1860.89 1860.26 
696 1866.7 1866.07 
697 1872.66 1872.03 
698 1878.77 1878.14 
699 1885.03 1884.4 
700 1891.43 1890.8 
701 1897.97 1897.35 
702 1904.66 1904.03 
703 1911.48 1910.85 
704 1918.43 1917.8 
705 1925.51 1924.88 
706 1932.72 1932.09 
707 1940.05 1939.42 
708 1947.49 1946.86 
709 1955.06 1954.42 
710 1962.73 1962.1 
711 1970.51 1969.87 
712 1978.39 1977.76 
713 1986.37 1985.74 
714 1994.45 1993.82 
715 2002.62 2001.99 
716 2010.88 2010.25 
717 2019.22 2018.59 
718 2027.65 2027.01 
719 2036.14 2035.51 
720 2044.71 2044.08 
721 2053.35 2052.71 
722 2062.05 2061.41 
723 2070.8 2070.17 
724 2079.62 2078.98 
725 2088.48 2087.84 
726 2097.38 2096.74 
727 2106.33 2105.69 
728 2115.31 2114.67 
729 2124.33 2123.69 
730 2133.37 2132.73 
731 2142.43 2141.79 
732 2151.51 2150.87 
733 2160.61 2159.97 
734 2169.71 2169.07 
735 2178.81 2178.17 
736 2187.91 2187.27 
737 2197 2196.36 
738 2206.08 2205.44 
739 2215.14 2214.51 
740 2224.18 2223.54 
741 2233.19 2232.56 
742 2242.17 2241.53 
743 2251.11 2250.47 
744 2260 2259.36 
745 2268.84 2268.21 
746 2277.63 2276.99 
747 2286.36 2285.72 
748 2295.02 2294.38 
749 2303.6 2302.97 
750 2312.11 2311.48 
751 2320.54 2319.9 
752 2328.87 2328.24 
753 2337.12 2336.49 
754 2345.28 2344.65 
755 2353.34 2352.71 
756 2361.31 2360.68 
757 2369.18 2368.55 
758 2376.95 2376.31 
759 2384.61 2383.98 
760 2392.17 2391.53 
761 2399.61 2398.98 
762 2406.95 2406.31 
763 2414.17 2413.53 
764 2421.27 2420.64 
765 2428.25 2427.62 
766 2435.12 2434.48 
767 2441.85 2441.22 
768 2448.46 2447.83 
769 2454.94 2454.31 
770 2461.28 2460.65 
771 2467.49 2466.86 
772 2473.56 2472.93 
773 2479.49 2478.86 
774 2485.27 2484.64 
775 2490.9 2490.28 
776 2496.39 2495.76 
777 2501.72 2501.09 
778 2506.9 2506.27 
779 2511.91 2511.28 
780 2516.77 2516.14 
781 2521.45 2520.83 
782 2525.98 2525.35 
783 2530.32 2529.7 
784 2534.5 2533.87 
785 2538.5 2537.87 
786 2542.31 2541.69 
787 2545.95 2545.32 
788 2549.4 2548.77 
789 2552.65 2552.03 
790 2555.72 2555.09 
791 2558.58 2557.96 
792 2561.25 2560.63 
793 2563.72 2563.09 
794 2565.98 2565.35 
795 2568.03 2567.4 
796 2569.87 2569.24 
797 2571.49 2570.86 
798 2572.89 2572.26 
799 2574.07 2573.44 
800 2575.02 2574.4 
801 2575.75 2575.12 
802 2576.25 2575.62 
803 2576.52 2575.89 
804 2576.56 2575.93 
805 2576.37 2575.75 
806 2575.96 2575.34 
807 2575.33 2574.7 
808 2574.47 2573.84 
809 2573.39 2572.76 
810 2572.09 2571.46 
811 2570.57 2569.94 
812 2568.82 2568.2 
813 2566.86 2566.23 
814 2564.69 2564.06 
815 2562.29 2561.66 
816 2559.68 2559.05 
817 2556.86 2556.23 
818 2553.82 2553.19 
819 2550.57 2549.94 
820 2547.11 2546.48 
821 2543.44 2542.81 
822 2539.56 2538.93 
823 2535.48 2534.84 
824 2531.18 2530.55 
825 2526.69 2526.05 
826 2521.99 2521.35 
827 2517.09 2516.45 
828 2511.99 2511.35 
829 2506.68 2506.05 
830 2501.18 2500.55 
831 2495.49 2494.85 
832 2489.6 2488.96 
833 2483.51 2482.87 
834 2477.24 2476.59 
835 2470.77 2470.13 
836 2464.11 2463.47 
837 2457.27 2456.62 
838 2450.24 2449.59 
839 2443.02 2442.38 
840 2435.63 2434.98 
841 2428.05 2427.4 
842 2420.29 2419.64 
843 2412.35 2411.7 
844 2404.24 2403.59 
845 2395.96 2395.3 
846 2387.5 2386.84 
847 2378.87 2378.21 
848 2370.07 2369.41 
849 2361.1 2360.44 
850 2351.97 2351.31 
851 2342.68 2342.01 
852 2333.22 2332.55 
853 2323.61 2322.94 
854 2313.84 2313.17 
855 2303.92 2303.25 
856 2293.86 2293.18 
857 2283.65 2282.97 
858 2273.29 2272.62 
859 2262.8 2262.12 
860 2252.18 2251.5 
861 2241.42 2240.73 
862 2230.53 2229.85 
863 2219.52 2218.83 
864 2208.39 2207.7 
865 2197.13 2196.44 
866 2185.77 2185.08 
867 2174.29 2173.6 
868 2162.71 2162.01 
869 2151.02 2150.32 
870 2139.23 2138.53 
871 2127.34 2126.64 
872 2115.37 2114.66 
873 2103.3 2102.59 
874 2091.14 2090.43 
875 2078.91 2078.2 
876 2066.6 2065.88 
877 2054.21 2053.49 
878 2041.76 2041.03 
879 2029.24 2028.51 
880 2016.65 2015.92 
881 2004.01 2003.28 
882 1991.32 1990.58 
883 1978.57 1977.84 
884 1965.78 1965.04 
885 1952.95 1952.21 
886 1940.09 1939.34 
887 1927.19 1926.44 
888 1914.26 1913.51 
889 1901.3 1900.55 
890 1888.33 1887.57 
891 1875.35 1874.58 
892 1862.35 1861.58 
893 1849.34 1848.58 
894 1836.34 1835.57 
895 1823.34 1822.56 
896 1810.34 1809.56 
897 1797.36 1796.58 
898 1784.39 1783.61 
899 1771.45 1770.66 
900 1758.53 1757.74 
901 1745.64 1744.85 
902 1732.79 1731.99 
903 1719.97 1719.17 
904 1707.19 1706.39 
905 1694.46 1693.65 
906 1681.76 1680.95 
907 1669.11 1668.29 
908 1656.51 1655.69 
909 1643.96 1643.13 
910 1631.46 1630.63 
911 1619.01 1618.18 
912 1606.62 1605.79 
913 1594.3 1593.45 
914 1582.03 1581.19 
915 1569.83 1568.98 
916 1557.7 1556.84 
917 1545.64 1544.78 
918 1533.65 1532.78 
919 1521.73 1520.87 
920 1509.9 1509.02 
921 1498.14 1497.26 
922 1486.46 1485.59 
923 1474.88 1473.99 
924 1463.38 1462.49 
925 1451.97 1451.08 
926 1440.65 1439.76 
927 1429.44 1428.53 
928 1418.32 1417.41 
929 1407.3 1406.39 
930 1396.39 1395.47 
931 1385.58 1384.66 
932 1374.89 1373.96 
933 1364.31 1363.38 
934 1353.84 1352.91 
935 1343.5 1342.56 
936 1333.27 1332.33 
937 1323.17 1322.22 
938 1313.2 1312.25 
939 1303.36 1302.4 
940 1293.65 1292.69 
941 1284.08 1283.11 
942 1274.65 1273.68 
943 1265.36 1264.38 
944 1256.22 1255.24 
945 1247.22 1246.24 
946 1238.38 1237.39 
947 1229.69 1228.69 
948 1221.16 1220.16 
949 1212.79 1211.79 
950 1204.59 1203.58 
951 1196.55 1195.53 
952 1188.68 1187.66 
953 1180.97 1179.95 
954 1173.43 1172.4 
955 1166.06 1165.03 
956 1158.86 1157.82 
957 1151.82 1150.77 
958 1144.94 1143.89 
959 1138.23 1137.18 
960 1131.68 1130.63 
961 1125.3 1124.24 
962 1119.08 1118.01 
963 1113.03 1111.95 
964 1107.13 1106.06 
965 1101.4 1100.32 
966 1095.83 1094.75 
967 1090.43 1089.33 
968 1085.18 1084.08 
969 1080.09 1078.99 
970 1075.17 1074.06 
971 1070.4 1069.29 
972 1065.79 1064.68 
973 1061.34 1060.22 
974 1057.05 1055.92 
975 1052.92 1051.79 
976 1048.94 1047.8 
977 1045.12 1043.98 
978 1041.45 1040.31 
979 1037.94 1036.79 
980 1034.59 1033.43 
981 1031.38 1030.22 
982 1028.33 1027.17 
983 1025.44 1024.27 
984 1022.69 1021.52 
985 1020.1 1018.92 
986 1017.66 1016.47 
987 1015.36 1014.17 
988 1013.22 1012.03 
989 1011.22 1010.03 
990 1009.38 1008.17 
991 1007.68 1006.47 
992 1006.12 1004.91 
993 1004.72 1003.5 
994 1003.45 1002.23 
995 1002.33 1001.11 
996 1001.36 1000.12 
997 1000.52 999.287 
998 999.832 998.59 
999 999.281 998.035 
1000 998.87 997.62 
1001 998.598 997.343 
1002 998.463 997.204 
1003 998.463 997.2 
1004 998.596 997.329 
1005 998.86 997.588 
1006 999.252 997.976 
1007 999.77 998.489 
1008 1000.41 999.127 
1009 1001.18 999.886 
1010 1002.06 1000.77 
1011 1003.06 1001.76 
1012 1004.17 1002.87 
1013 1005.4 1004.09 
1014 1006.74 1005.43 
1015 1008.18 1006.87 
1016 1009.73 1008.41 
1017 1011.38 1010.06 
1018 1013.13 1011.81 
1019 1014.98 1013.65 
1020 1016.92 1015.59 
1021 1018.96 1017.62 
1022 1021.09 1019.75 
1023 1023.3 1021.96 
1024 1025.6 1024.25 
1025 1027.98 1026.63 
1026 1030.44 1029.08 
1027 1032.97 1031.62 
1028 1035.58 1034.22 
1029 1038.26 1036.9 
1030 1041.01 1039.65 
1031 1043.83 1042.46 
1032 1046.71 1045.33 
1033 1049.64 1048.27 
1034 1052.64 1051.26 
1035 1055.69 1054.3 
1036 1058.79 1057.4 
1037 1061.94 1060.55 
1038 1065.13 1063.74 
1039 1068.37 1066.97 
1040 1071.64 1070.24 
1041 1074.95 1073.55 
1042 1078.3 1076.9 
1043 1081.68 1080.27 
1044 1085.08 1083.67 
1045 1088.5 1087.09 
1046 1091.95 1090.54 
1047 1095.42 1094 
1048 1098.9 1097.48 
1049 1102.39 1100.97 
1050 1105.89 1104.46 
1051 1109.39 1107.96 
1052 1112.9 1111.47 
1053 1116.41 1114.97 
1054 1119.91 1118.48 
1055 1123.42 1121.98 
1056 1126.92 1125.48 
1057 1130.42 1128.98 
1058 1133.91 1132.46 
1059 1137.38 1135.94 
1060 1140.85 1139.41 
1061 1144.31 1142.86 
1062 1147.75 1146.3 
1063 1151.17 1149.72 
1064 1154.58 1153.13 
1065 1157.97 1156.51 
1066 1161.33 1159.87 
1067 1164.67 1163.21 
1068 1167.98 1166.53 
1069 1171.27 1169.81 
1070 1174.53 1173.07 
1071 1177.75 1176.29 
1072 1180.95 1179.48 
1073 1184.1 1182.64 
1074 1187.22 1185.75 
1075 1190.3 1188.83 
1076 1193.34 1191.87 
1077 1196.33 1194.86 
1078 1199.28 1197.81 
1079 1202.18 1200.71 
1080 1205.03 1203.56 
1081 1207.83 1206.36 
1082 1210.58 1209.11 
1083 1213.27 1211.8 
1084 1215.9 1214.43 
1085 1218.47 1217 
1086 1220.98 1219.51 
1087 1223.43 1221.95 
1088 1225.81 1224.33 
1089 1228.12 1226.64 
1090 1230.36 1228.88 
1091 1232.52 1231.04 
1092 1234.61 1233.13 
1093 1236.62 1235.15 
1094 1238.56 1237.08 
1095 1240.41 1238.93 
1096 1242.17 1240.69 
1097 1243.85 1242.37 
1098 1245.44 1243.96 
1099 1246.94 1245.46 
1100 1248.34 1246.87 
1101 1249.65 1248.17 
1102 1250.86 1249.39 
1103 1251.98 1250.51 
1104 1253 1251.53 
1105 1253.93 1252.45 
1106 1254.76 1253.28 
1107 1255.5 1254.02 
1108 1256.14 1254.66 
1109 1256.68 1255.21 
1110 1257.13 1255.66 
1111 1257.49 1256.02 
1112 1257.76 1256.28 
1113 1257.92 1256.45 
1114 1258 1256.53 
1115 1257.98 1256.51 
1116 1257.87 1256.4 
1117 1257.67 1256.2 
1118 1257.37 1255.91 
1119 1256.98 1255.52 
1120 1256.5 1255.04 
1121 1255.93 1254.46 
1122 1255.26 1253.8 
1123 1254.51 1253.05 
1124 1253.66 1252.2 
1125 1252.72 1251.26 
1126 1251.69 1250.23 
1127 1250.57 1249.11 
1128 1249.36 1247.91 
1129 1248.06 1246.61 
1130 1246.67 1245.22 
1131 1245.19 1243.74 
1132 1243.63 1242.17 
1133 1241.97 1240.52 
1134 1240.23 1238.78 
1135 1238.39 1236.94 
1136 1236.47 1235.02 
1137 1234.46 1233.02 
1138 1232.37 1230.92 
1139 1230.19 1228.74 
1140 1227.92 1226.48 
1141 1225.56 1224.12 
1142 1223.12 1221.68 
1143 1220.59 1219.16 
1144 1217.98 1216.55 
1145 1215.29 1213.85 
1146 1212.51 1211.07 
1147 1209.64 1208.21 
1148 1206.69 1205.26 
1149 1203.66 1202.23 
1150 1200.55 1199.12 
1151 1197.35 1195.92 
1152 1194.07 1192.65 
1153 1190.71 1189.29 
1154 1187.28 1185.86 
1155 1183.77 1182.35 
1156 1180.18 1178.76 
1157 1176.52 1175.1 
1158 1172.79 1171.37 
1159 1168.99 1167.57 
1160 1165.12 1163.7 
1161 1161.18 1159.77 
1162 1157.18 1155.76 
1163 1153.11 1151.7 
1164 1148.98 1147.57 
1165 1144.79 1143.39 
1166 1140.55 1139.14 
1167 1136.25 1134.84 
1168 1131.89 1130.48 
1169 1127.48 1126.07 
1170 1123.01 1121.61 
1171 1118.5 1117.1 
1172 1113.94 1112.54 
1173 1109.34 1107.94 
1174 1104.68 1103.29 
1175 1099.99 1098.6 
1176 1095.26 1093.86 
1177 1090.48 1089.09 
1178 1085.67 1084.28 
1179 1080.83 1079.44 
1180 1075.95 1074.56 
1181 1071.04 1069.65 
1182 1066.1 1064.71 
1183 1061.14 1059.75 
1184 1056.14 1054.76 
1185 1051.13 1049.74 
1186 1046.09 1044.71 
1187 1041.03 1039.65 
1188 1035.96 1034.58 
1189 1030.87 1029.49 
1190 1025.76 1024.38 
1191 1020.65 1019.27 
1192 1015.52 1014.14 
1193 1010.39 1009.01 
1194 1005.25 1003.87 
1195 1000.11 998.731 
1196 994.967 993.588 
1197 989.825 988.446 
1198 984.686 983.307 
1199 979.552 978.173 
1200 974.425 973.046 
1201 969.308 967.929 
1202 964.201 962.822 
1203 959.105 957.727 
1204 954.023 952.644 
1205 948.955 947.576 
1206 943.903 942.523 
1207 938.867 937.487 
1208 933.849 932.469 
1209 928.85 927.47 
1210 923.871 922.491 
1211 918.915 917.533 
1212 913.98 912.598 
1213 909.07 907.688 
1214 904.186 902.802 
1215 899.328 897.943 
1216 894.498 893.112 
1217 889.697 888.311 
1218 884.927 883.539 
1219 880.188 878.8 
1220 875.483 874.094 
1221 870.812 869.422 
1222 866.177 864.785 
1223 861.579 860.186 
1224 857.02 855.626 
1225 852.501 851.105 
1226 848.022 846.625 
1227 843.587 842.188 
1228 839.195 837.794 
1229 834.849 833.446 
1230 830.549 829.145 
1231 826.298 824.891 
1232 822.096 820.687 
1233 817.945 816.534 
1234 813.846 812.434 
1235 809.801 808.387 
1236 805.812 804.395 
1237 801.879 800.46 
1238 798.004 796.582 
1239 794.189 792.765 
1240 790.436 789.008 
1241 786.744 785.314 
1242 783.117 781.684 
1243 779.555 778.119 
1244 776.06 774.622 
1245 772.634 771.193 
1246 769.278 767.833 
1247 765.993 764.546 
1248 762.782 761.331 
1249 759.645 758.191 
1250 756.585 755.127 
1251 753.602 752.14 
1252 750.696 749.231 
1253 747.868 746.399 
1254 745.117 743.645 
1255 742.443 740.967 
1256 739.846 738.366 
1257 737.326 735.841 
1258 734.881 733.393 
1259 732.513 731.021 
1260 730.221 728.724 
1261 728.005 726.504 
1262 725.864 724.358 
1263 723.798 722.288 
1264 721.808 720.293 
1265 719.892 718.372 
1266 718.051 716.526 
1267 716.284 714.754 
1268 714.591 713.057 
1269 712.972 711.433 
1270 711.427 709.882 
1271 709.955 708.405 
1272 708.556 707.001 
1273 707.229 705.669 
1274 705.976 704.41 
1275 704.794 703.223 
1276 703.685 702.108 
1277 702.647 701.065 
1278 701.681 700.093 
1279 700.786 699.192 
1280 699.962 698.362 
1281 699.209 697.603 
1282 698.526 696.914 
1283 697.912 696.294 
1284 697.369 695.745 
1285 696.895 695.264 
1286 696.49 694.853 
1287 696.154 694.511 
1288 695.887 694.237 
1289 695.687 694.031 
1290 695.556 693.893 
1291 695.492 693.822 
1292 695.495 693.819 
1293 695.565 693.882 
1294 695.702 694.012 
1295 695.905 694.208 
1296 696.174 694.47 
1297 696.508 694.797 
1298 696.908 695.189 
1299 697.372 695.647 
1300 697.901 696.168 
1301 698.494 696.754 
1302 699.15 697.402 
1303 699.867 698.112 
1304 700.645 698.883 
1305 701.483 699.712 
1306 702.378 700.6 
1307 703.33 701.545 
1308 704.338 702.544 
1309 705.4 703.598 
1310 706.515 704.706 
1311 707.681 705.864 
1312 708.898 707.073 
1313 710.164 708.331 
1314 711.478 709.637 
1315 712.839 710.99 
1316 714.244 712.387 
1317 715.694 713.828 
1318 717.186 715.312 
1319 718.719 716.837 
1320 720.292 718.401 
1321 721.903 720.004 
1322 723.551 721.644 
1323 725.235 723.319 
1324 726.953 725.028 
1325 728.704 726.771 
1326 730.486 728.544 
1327 732.298 730.348 
1328 734.139 732.18 
1329 736.006 734.039 
1330 737.9 735.924 
1331 739.817 737.833 
1332 741.758 739.764 
1333 743.719 741.717 
1334 745.7 743.689 
1335 747.699 745.68 
1336 749.715 747.687 
1337 751.747 749.71 
1338 753.792 751.746 
1339 755.849 753.794 
1340 757.916 755.853 
1341 759.993 757.92 
1342 762.077 759.995 
1343 764.166 762.076 
1344 766.261 764.162 
1345 768.357 766.249 
1346 770.455 768.338 
1347 772.553 770.427 
1348 774.648 772.513 
1349 776.739 774.596 
1350 778.825 776.673 
1351 780.904 778.743 
1352 782.975 780.805 
1353 785.037 782.858 
1354 787.089 784.901 
1355 789.13 786.934 
1356 791.16 788.954 
1357 793.177 790.963 
1358 795.18 792.957 
1359 797.168 794.937 
1360 799.141 796.901 
1361 801.098 798.849 
1362 803.037 800.779 
1363 804.957 802.691 
1364 806.858 804.583 
1365 808.739 806.455 
1366 810.598 808.306 
1367 812.435 810.134 
1368 814.248 811.939 
1369 816.037 813.719 
1370 817.8 815.474 
1371 819.537 817.202 
1372 821.246 818.903 
1373 822.926 820.575 
1374 824.578 822.218 
1375 826.198 823.83 
1376 827.787 825.41 
1377 829.343 826.958 
1378 830.865 828.472 
1379 832.352 829.951 
1380 833.803 831.395 
1381 835.218 832.801 
1382 836.594 834.169 
1383 837.931 835.498 
1384 839.228 836.787 
1385 840.483 838.035 
1386 841.696 839.24 
1387 842.865 840.402 
1388 843.99 841.519 
1389 845.069 842.59 
1390 846.101 843.614 
1391 847.084 844.591 
1392 848.019 845.518 
1393 848.903 846.395 
1394 849.736 847.22 
1395 850.516 847.993 
1396 851.242 848.712 
1397 851.913 849.377 
1398 852.528 849.985 
1399 853.086 850.536 
1400 853.585 851.028 
1401 854.024 851.461 
1402 854.404 851.835 
1403 854.725 852.148 
1404 854.986 852.403 
1405 855.187 852.598 
1406 855.329 852.734 
1407 855.412 852.811 
1408 855.436 852.829 
1409 855.4 852.787 
1410 855.306 852.687 
1411 855.152 852.528 
1412 854.94 852.309 
1413 854.669 852.033 
1414 854.339 851.697 
1415 853.95 851.304 
1416 853.503 850.851 
1417 852.998 850.341 
1418 852.434 849.772 
1419 851.812 849.145 
1420 851.131 848.459 
1421 850.393 847.716 
1422 849.597 846.915 
1423 848.743 846.057 
1424 847.831 845.14 
1425 846.861 844.166 
1426 845.834 843.135 
1427 844.749 842.046 
1428 843.607 840.9 
1429 842.408 839.697 
1430 841.152 838.437 
1431 839.839 837.119 
1432 838.468 835.746 
1433 837.041 834.315 
1434 835.558 832.828 
1435 834.017 831.284 
1436 832.421 829.684 
1437 830.768 828.028 
1438 829.059 826.316 
1439 827.293 824.548 
1440 825.472 822.724 
1441 823.595 820.844 
1442 821.663 818.909 
1443 819.675 816.919 
1444 817.631 814.873 
1445 815.532 812.772 
1446 813.378 810.616 
1447 811.169 808.405 
1448 808.905 806.139 
1449 806.587 803.818 
1450 804.214 801.444 
1451 801.786 799.015 
1452 799.305 796.532 
1453 796.772 793.997 
1454 794.186 791.411 
1455 791.55 788.774 
1456 788.865 786.087 
1457 786.13 783.352 
1458 783.348 780.569 
1459 780.519 777.739 
1460 777.644 774.864 
1461 774.724 771.944 
1462 771.76 768.98 
1463 768.754 765.973 
1464 765.705 762.924 
1465 762.615 759.834 
1466 759.486 756.705 
1467 756.317 753.537 
1468 753.111 750.331 
1469 749.868 747.088 
1470 746.589 743.81 
1471 743.275 740.497 
1472 739.928 737.15 
1473 736.548 733.771 
1474 733.136 730.36 
1475 729.694 726.919 
1476 726.222 723.448 
1477 722.722 719.95 
1478 719.194 716.423 
1479 715.64 712.871 
1480 712.062 709.294 
1481 708.459 705.693 
1482 704.833 702.069 
1483 701.186 698.423 
1484 697.517 694.757 
1485 693.829 691.071 
1486 690.123 687.367 
1487 686.4 683.646 
1488 682.66 679.908 
1489 678.906 676.156 
1490 675.137 672.39 
1491 671.356 668.612 
1492 667.564 664.822 
1493 663.761 661.022 
1494 659.949 657.213 
1495 656.129 653.396 
1496 652.302 649.572 
1497 648.47 645.743 
1498 644.634 641.91 
1499 640.794 638.073 
1500 636.953 634.235 
1501 633.111 630.397 
1502 629.269 626.558 
1503 625.427 622.72 
1504 621.588 618.884 
1505 617.75 615.051 
1506 613.916 611.22 
1507 610.086 607.394 
1508 606.261 603.572 
1509 602.44 599.756 
1510 598.626 595.946 
1511 594.819 592.143 
1512 591.02 588.348 
1513 587.229 584.561 
1514 583.448 580.784 
1515 579.677 577.017 
1516 575.916 573.261 
1517 572.168 569.517 
1518 568.432 565.785 
1519 564.709 562.067 
1520 561.001 558.363 
1521 557.307 554.674 
1522 553.629 551.001 
1523 549.968 547.344 
1524 546.325 543.705 
1525 542.699 540.084 
1526 539.093 536.483 
1527 535.507 532.901 
1528 531.942 529.341 
1529 528.398 525.802 
1530 524.877 522.285 
1531 521.379 518.792 
1532 517.906 515.324 
1533 514.457 511.88 
1534 511.035 508.463 
1535 507.639 505.072 
1536 504.272 501.709 
1537 500.933 498.375 
1538 497.623 495.07 
1539 494.344 491.796 
1540 491.096 488.552 
1541 487.88 485.342 
1542 484.698 482.164 
1543 481.549 479.02 
1544 478.436 475.911 
1545 475.358 472.838 
1546 472.317 469.802 
1547 469.313 466.803 
1548 466.349 463.843 
1549 463.424 460.923 
1550 460.539 458.043 
1551 457.695 455.204 
1552 454.894 452.407 
1553 452.133 449.651 
1554 449.414 446.937 
1555 446.737 444.264 
1556 444.101 441.633 
1557 441.507 439.043 
1558 438.955 436.496 
1559 436.445 433.99 
1560 433.976 431.525 
1561 431.549 429.103 
1562 429.164 426.722 
1563 426.821 424.383 
1564 424.52 422.086 
1565 422.261 419.831 
1566 420.044 417.618 
1567 417.869 415.447 
1568 415.736 413.318 
1569 413.645 411.231 
1570 411.597 409.186 
1571 409.59 407.183 
1572 407.626 405.223 
1573 405.704 403.304 
1574 403.824 401.428 
1575 401.987 399.594 
1576 400.192 397.803 
1577 398.44 396.054 
1578 396.73 394.347 
1579 395.062 392.682 
1580 393.437 391.06 
1581 391.854 389.48 
1582 390.314 387.943 
1583 388.816 386.448 
1584 387.361 384.996 
1585 385.949 383.586 
1586 384.579 382.219 
1587 383.252 380.894 
1588 381.968 379.612 
1589 380.726 378.372 
1590 379.527 377.176 
1591 378.371 376.021 
1592 377.258 374.91 
1593 376.188 373.841 
1594 375.16 372.815 
1595 374.175 371.832 
1596 373.233 370.891 
1597 372.334 369.994 
1598 371.478 369.139 
1599 370.665 368.327 
1600 369.895 367.557 
1601 369.168 366.831 
1602 368.483 366.146 
1603 367.84 365.504 
1604 367.238 364.902 
1605 366.677 364.341 
1606 366.156 363.82 
1607 365.674 363.339 
1608 365.232 362.896 
1609 364.827 362.491 
1610 364.461 362.124 
1611 364.131 361.794 
1612 363.838 361.5 
1613 363.581 361.242 
1614 363.359 361.018 
1615 363.171 360.83 
1616 363.018 360.675 
1617 362.898 360.554 
1618 362.811 360.465 
1619 362.756 360.408 
1620 362.732 360.383 
1621 362.74 360.388 
1622 362.777 360.423 
1623 362.844 360.488 
1624 362.94 360.581 
1625 363.064 360.702 
1626 363.216 360.851 
1627 363.395 361.027 
1628 363.6 361.229 
1629 363.83 361.456 
1630 364.085 361.708 
1631 364.365 361.984 
1632 364.668 362.284 
1633 364.995 362.606 
1634 365.343 362.95 
1635 365.713 363.316 
1636 366.103 363.702 
1637 366.514 364.108 
1638 366.944 364.533 
1639 367.393 364.977 
1640 367.86 365.439 
1641 368.344 365.918 
1642 368.844 366.413 
1643 369.361 366.924 
1644 369.892 367.45 
1645 370.438 367.99 
1646 370.998 368.544 
1647 371.57 369.11 
1648 372.155 369.688 
1649 372.751 370.278 
1650 373.358 370.878 
1651 373.974 371.488 
1652 374.6 372.107 
1653 375.235 372.734 
1654 375.878 373.37 
1655 376.529 374.013 
1656 377.187 374.663 
1657 377.851 375.32 
1658 378.522 375.982 
1659 379.197 376.65 
1660 379.878 377.322 
1661 380.562 377.998 
1662 381.25 378.678 
1663 381.942 379.36 
1664 382.635 380.045 
1665 383.331 380.731 
1666 384.027 381.418 
1667 384.725 382.106 
1668 385.422 382.794 
1669 386.118 383.481 
1670 386.814 384.166 
1671 387.507 384.849 
1672 388.198 385.53 
1673 388.886 386.208 
1674 389.57 386.882 
1675 390.25 387.551 
1676 390.925 388.215 
1677 391.594 388.874 
1678 392.257 389.526 
1679 392.913 390.171 
1680 393.562 390.808 
1681 394.202 391.437 
1682 394.834 392.057 
1683 395.456 392.668 
1684 396.068 393.268 
1685 396.669 393.857 
1686 397.259 394.435 
1687 397.837 395 
1688 398.402 395.553 
1689 398.953 396.092 
1690 399.49 396.617 
1691 400.013 397.127 
1692 400.52 397.621 
1693 401.011 398.099 
1694 401.485 398.56 
1695 401.941 399.003 
1696 402.379 399.428 
1697 402.799 399.834 
1698 403.198 400.22 
1699 403.578 400.586 
1700 403.936 400.931 
1701 404.273 401.254 
1702 404.588 401.555 
1703 404.881 401.834 
1704 405.152 402.092 
1705 405.402 402.327 
1706 405.629 402.54 
1707 405.834 402.731 
1708 406.018 402.9 
1709 406.179 403.047 
1710 406.318 403.171 
1711 406.435 403.273 
1712 406.529 403.353 
1713 406.601 403.411 
1714 406.651 403.446 
1715 406.679 403.458 
1716 406.684 403.448 
1717 406.666 403.416 
1718 406.626 403.361 
1719 406.564 403.283 
1720 406.478 403.183 
1721 406.37 403.059 
1722 406.24 402.913 
1723 406.086 402.745 
1724 405.91 402.553 
1725 405.711 402.338 
1726 405.488 402.101 
1727 405.243 401.84 
1728 404.975 401.556 
1729 404.684 401.249 
1730 404.369 400.92 
1731 404.032 400.566 
1732 403.671 400.19 
1733 403.287 399.79 
1734 402.88 399.367 
1735 402.449 398.921 
1736 401.995 398.451 
1737 401.517 397.958 
1738 401.016 397.441 
1739 400.491 396.901 
1740 399.943 396.337 
1741 399.371 395.749 
1742 398.776 395.138 
1743 398.156 394.503 
1744 397.513 393.845 
1745 396.846 393.162 
1746 396.155 392.456 
1747 395.44 391.725 
1748 394.702 390.971 
1749 393.939 390.193 
1750 393.152 389.391 
1751 392.341 388.565 
1752 391.506 387.715 
1753 390.648 386.841 
1754 389.767 385.945 
1755 388.863 385.026 
1756 387.937 384.085 
1757 386.99 383.122 
1758 386.02 382.138 
1759 385.029 381.132 
1760 384.018 380.106 
1761 382.986 379.059 
1762 381.934 377.992 
1763 380.863 376.906 
1764 379.772 375.801 
1765 378.662 374.677 
1766 377.534 373.534 
1767 376.388 372.374 
1768 375.224 371.196 
1769 374.043 370 
1770 372.844 368.788 
1771 371.63 367.559 
1772 370.399 366.315 
1773 369.153 365.055 
1774 367.891 363.779 
1775 366.614 362.489 
1776 365.323 361.185 
1777 364.018 359.866 
1778 362.699 358.534 
1779 361.367 357.189 
1780 360.022 355.831 
1781 358.665 354.461 
1782 357.295 353.079 
1783 355.914 351.685 
1784 354.522 350.281 
1785 353.119 348.866 
1786 351.706 347.441 
1787 350.284 346.006 
1788 348.851 344.562 
1789 347.41 343.109 
1790 345.96 341.647 
1791 344.502 340.178 
1792 343.037 338.701 
1793 341.564 337.217 
1794 340.084 335.727 
1795 338.598 334.23 
1796 337.106 332.728 
1797 335.609 331.22 
1798 334.107 329.708 
1799 332.6 328.191 
1800 331.089 326.67 
1801 329.575 325.146 
1802 328.057 323.619 
1803 326.536 322.089 
1804 325.013 320.557 
1805 323.488 319.023 
1806 321.961 317.487 
1807 320.433 315.95 
1808 318.903 314.413 
1809 317.373 312.874 
1810 315.843 311.336 
1811 314.313 309.798 
1812 312.783 308.261 
1813 311.254 306.725 
1814 309.727 305.19 
1815 308.201 303.658 
1816 306.677 302.127 
1817 305.156 300.599 
1818 303.638 299.075 
1819 302.122 297.553 
1820 300.611 296.036 
1821 299.103 294.522 
1822 297.6 293.014 
1823 296.101 291.51 
1824 294.608 290.012 
1825 293.121 288.519 
1826 291.639 287.033 
1827 290.164 285.554 
1828 288.696 284.081 
1829 287.235 282.616 
1830 285.782 281.159 
1831 284.336 279.71 
1832 282.9 278.27 
1833 281.472 276.839 
1834 280.053 275.418 
1835 278.645 274.007 
1836 277.246 272.606 
1837 275.858 271.215 
1838 274.481 269.836 
1839 273.116 268.469 
1840 271.762 267.114 
1841 270.421 265.771 
1842 269.093 264.442 
1843 267.777 263.126 
1844 266.476 261.823 
1845 265.188 260.535 
1846 263.915 259.262 
1847 262.657 258.004 
1848 261.414 256.761 
1849 260.187 255.535 
1850 258.976 254.325 
1851 257.782 253.132 
1852 256.605 251.956 
1853 255.445 250.797 
1854 254.301 249.655 
1855 253.174 248.53 
1856 252.065 247.423 
1857 250.972 246.332 
1858 249.896 245.259 
1859 248.838 244.203 
1860 247.796 243.165 
1861 246.772 242.144 
1862 245.765 241.14 
1863 244.775 240.154 
1864 243.802 239.186 
1865 242.847 238.235 
1866 241.91 237.301 
1867 240.989 236.386 
1868 240.086 235.488 
1869 239.201 234.607 
1870 238.334 233.745 
1871 237.484 232.9 
1872 236.651 232.074 
1873 235.837 231.265 
1874 235.04 230.474 
1875 234.261 229.701 
1876 233.5 228.946 
1877 232.756 228.21 
1878 232.031 227.491 
1879 231.324 226.791 
1880 230.635 226.109 
1881 229.963 225.445 
1882 229.31 224.799 
1883 228.676 224.172 
1884 228.059 223.563 
1885 227.461 222.973 
1886 226.881 222.401 
1887 226.319 221.848 
1888 225.776 221.313 
1889 225.251 220.797 
1890 224.744 220.3 
1891 224.257 219.821 
1892 223.787 219.361 
1893 223.337 218.92 
1894 222.905 218.498 
1895 222.492 218.094 
1896 222.098 217.71 
1897 221.722 217.344 
1898 221.365 216.998 
1899 221.028 216.67 
1900 220.709 216.362 
1901 220.409 216.072 
1902 220.128 215.802 
1903 219.865 215.55 
1904 219.621 215.317 
1905 219.394 215.101 
1906 219.185 214.904 
1907 218.994 214.723 
1908 218.819 214.56 
1909 218.662 214.415 
1910 218.521 214.285 
1911 218.396 214.172 
1912 218.287 214.076 
1913 218.195 213.995 
1914 218.117 213.929 
1915 218.055 213.879 
1916 218.007 213.844 
1917 217.975 213.824 
1918 217.956 213.818 
1919 217.952 213.826 
1920 217.961 213.848 
1921 217.984 213.883 
1922 218.02 213.932 
1923 218.069 213.993 
1924 218.13 214.067 
1925 218.204 214.154 
1926 218.289 214.252 
1927 218.387 214.362 
1928 218.495 214.484 
1929 218.615 214.617 
1930 218.746 214.76 
1931 218.887 214.915 
1932 219.038 215.079 
1933 219.199 215.253 
1934 219.37 215.437 
1935 219.55 215.63 
1936 219.739 215.832 
1937 219.936 216.042 
1938 220.142 216.261 
1939 220.356 216.488 
1940 220.577 216.723 
1941 220.806 216.964 
1942 221.042 217.213 
1943 221.285 217.469 
1944 221.534 217.731 
1945 221.789 217.999 
1946 222.05 218.273 
1947 222.317 218.552 
1948 222.588 218.836 
1949 222.864 219.125 
1950 223.145 219.419 
1951 223.43 219.716 
1952 223.719 220.017 
1953 224.011 220.322 
1954 224.307 220.63 
1955 224.606 220.941 
1956 224.907 221.255 
1957 225.211 221.571 
1958 225.518 221.889 
1959 225.826 222.209 
1960 226.136 222.531 
1961 226.448 222.854 
1962 226.761 223.179 
1963 227.075 223.504 
1964 227.389 223.829 
1965 227.704 224.155 
1966 228.019 224.481 
1967 228.333 224.807 
1968 228.647 225.131 
1969 228.961 225.455 
1970 229.273 225.778 
1971 229.584 226.1 
1972 229.894 226.419 
1973 230.202 226.737 
1974 230.507 227.052 
1975 230.81 227.365 
1976 231.11 227.674 
1977 231.408 227.981 
1978 231.701 228.284 
1979 231.992 228.583 
1980 232.278 228.878 
1981 232.56 229.169 
1982 232.838 229.455 
1983 233.111 229.736 
1984 233.379 230.011 
1985 233.641 230.281 
1986 233.898 230.546 
1987 234.149 230.804 
1988 234.393 231.055 
1989 234.631 231.3 
1990 234.862 231.537 
1991 235.086 231.767 
1992 235.303 231.99 
1993 235.511 232.204 
1994 235.711 232.41 
1995 235.903 232.607 
1996 236.087 232.795 
1997 236.261 232.974 
1998 236.425 233.143 
1999 236.581 233.302 
2000 236.726 233.451 
2001 236.86 233.589 
2002 236.985 233.717 
2003 237.099 233.834 
2004 237.202 233.94 
2005 237.295 234.035 
2006 237.377 234.119 
2007 237.448 234.192 
2008 237.508 234.254 
2009 237.558 234.304 
2010 237.596 234.343 
2011 237.623 234.371 
2012 237.639 234.387 
2013 237.644 234.392 
2014 237.637 234.385 
2015 237.619 234.366 
2016 237.589 234.335 
2017 237.548 234.292 
2018 237.495 234.238 
2019 237.43 234.171 
2020 237.353 234.092 
2021 237.265 234 
2022 237.164 233.897 
2023 237.051 233.78 
2024 236.926 233.652 
2025 236.789 233.51 
2026 236.639 233.356 
2027 236.477 233.189 
2028 236.302 233.01 
2029 236.115 232.817 
2030 235.914 232.611 
2031 235.702 232.392 
2032 235.476 232.16 
2033 235.237 231.914 
2034 234.985 231.655 
2035 234.72 231.383 
2036 234.442 231.097 
2037 234.15 230.797 
2038 233.845 230.483 
2039 233.526 230.156 
2040 233.194 229.814 
2041 232.848 229.459 
2042 232.489 229.089 
2043 232.115 228.705 
2044 231.728 228.307 
2045 231.326 227.894 
2046 230.91 227.467 
2047 230.48 227.025 
2048 230.036 226.569 
2049 229.578 226.098 
2050 229.104 225.612 
2051 228.617 225.11 
2052 228.115 224.595 
2053 227.598 224.064 
2054 227.068 223.52 
2055 226.524 222.961 
2056 225.967 222.388 
2057 225.396 221.801 
2058 224.812 221.201 
2059 224.215 220.588 
2060 223.605 219.962 
2061 222.983 219.323 
2062 222.349 218.671 
2063 221.703 218.007 
2064 221.044 217.33 
2065 220.374 216.642 
2066 219.693 215.942 
2067 219.001 215.23 
2068 218.298 214.507 
2069 217.583 213.773 
2070 216.859 213.028 
2071 216.124 212.273 
2072 215.379 211.507 
2073 214.624 210.731 
2074 213.86 209.945 
2075 213.087 209.15 
2076 212.304 208.345 
2077 211.512 207.53 
2078 210.712 206.707 
2079 209.903 205.875 
2080 209.086 205.034 
2081 208.261 204.185 
2082 207.428 203.328 
2083 206.588 202.464 
2084 205.74 201.591 
2085 204.885 200.712 
2086 204.024 199.825 
2087 203.156 198.931 
2088 202.282 198.031 
2089 201.402 197.124 
2090 200.516 196.212 
2091 199.624 195.293 
2092 198.727 194.369 
2093 197.825 193.439 
2094 196.918 192.505 
2095 196.006 191.565 
2096 195.09 190.621 
2097 194.17 189.672 
2098 193.246 188.72 
2099 192.319 187.763 
2100 191.388 186.803 
2101 190.454 185.84 
2102 189.517 184.873 
2103 188.578 183.903 
2104 187.636 182.931 
2105 186.692 181.956 
2106 185.745 180.979 
2107 184.797 179.999 
2108 183.847 179.018 
2109 182.895 178.035 
2110 181.942 177.05 
2111 180.987 176.064 
2112 180.032 175.076 
2113 179.076 174.088 
2114 178.12 173.099 
2115 177.163 172.109 
2116 176.205 171.12 
2117 175.248 170.129 
2118 174.291 169.14 
2119 173.335 168.15 
2120 172.379 167.161 
2121 171.424 166.172 
2122 170.47 165.185 
2123 169.517 164.198 
2124 168.566 163.213 
2125 167.616 162.229 
2126 166.668 161.247 
2127 165.723 160.268 
2128 164.779 159.29 
2129 163.838 158.315 
2130 162.9 157.342 
2131 161.964 156.372 
2132 161.032 155.405 
2133 160.103 154.442 
2134 159.177 153.482 
2135 158.256 152.526 
2136 157.338 151.573 
2137 156.424 150.625 
2138 155.515 149.682 
2139 154.61 148.742 
2140 153.711 147.808 
2141 152.816 146.879 
2142 151.926 145.955 
2143 151.042 145.036 
2144 150.164 144.124 
2145 149.292 143.217 
2146 148.426 142.316 
2147 147.566 141.422 
2148 146.712 140.535 
2149 145.866 139.654 
2150 145.026 138.781 
2151 144.194 137.915 
2152 143.369 137.056 
2153 142.552 136.205 
2154 141.742 135.361 
2155 140.939 134.525 
2156 140.144 133.697 
2157 139.357 132.876 
2158 138.577 132.063 
2159 137.805 131.258 
2160 137.041 130.461 
2161 136.285 129.672 
2162 135.536 128.891 
2163 134.796 128.119 
2164 134.064 127.354 
2165 133.339 126.598 
2166 132.623 125.85 
2167 131.915 125.11 
2168 131.216 124.379 
2169 130.524 123.657 
2170 129.841 122.943 
2171 129.167 122.238 
2172 128.501 121.542 
2173 127.844 120.854 
2174 127.195 120.175 
2175 126.555 119.505 
2176 125.924 118.845 
2177 125.301 118.193 
2178 124.688 117.551 
2179 124.083 116.917 
2180 123.488 116.293 
2181 122.901 115.679 
2182 122.324 115.074 
2183 121.756 114.478 
2184 121.197 113.892 
2185 120.648 113.316 
2186 120.108 112.749 
2187 119.577 112.192 
2188 119.056 111.645 
2189 118.545 111.108 
2190 118.043 110.581 
2191 117.551 110.064 
2192 117.068 109.557 
2193 116.596 109.06 
2194 116.133 108.574 
2195 115.681 108.098 
2196 115.238 107.632 
2197 114.806 107.177 
2198 114.383 106.733 
2199 113.971 106.299 
2200 113.57 105.876 
2201 113.178 105.464 
2202 112.797 105.062 
2203 112.426 104.671 
2204 112.066 104.291 
2205 111.715 103.921 
2206 111.374 103.561 
2207 111.043 103.212 
2208 110.721 102.873 
2209 110.41 102.544 
2210 110.107 102.225 
2211 109.814 101.916 
2212 109.531 101.617 
2213 109.256 101.328 
2214 108.991 101.048 
2215 108.735 100.778 
2216 108.488 100.517 
2217 108.249 100.266 
2218 108.019 100.024 
2219 107.798 99.7919 
2220 107.585 99.5684 
2221 107.381 99.354 
2222 107.185 99.1485 
2223 106.997 98.9519 
2224 106.817 98.7641 
2225 106.645 98.5849 
2226 106.481 98.4143 
2227 106.325 98.2522 
2228 106.177 98.0985 
2229 106.036 97.9531 
2230 105.902 97.816 
2231 105.776 97.6869 
2232 105.657 97.5658 
2233 105.545 97.4527 
2234 105.44 97.3474 
2235 105.343 97.2498 
2236 105.252 97.1598 
2237 105.167 97.0773 
2238 105.089 97.0023 
2239 105.018 96.9346 
2240 104.953 96.8742 
2241 104.894 96.8209 
2242 104.842 96.7746 
2243 104.795 96.7352 
2244 104.754 96.7027 
2245 104.72 96.6769 
2246 104.69 96.6577 
2247 104.667 96.6451 
2248 104.649 96.6389 
2249 104.636 96.639 
2250 104.628 96.6453 
2251 104.626 96.6577 
2252 104.628 96.6761 
2253 104.635 96.7003 
2254 104.647 96.73 
2255 104.663 96.7652 
2256 104.684 96.8056 
2257 104.709 96.8511 
2258 104.738 96.9015 
2259 104.771 96.9566 
2260 104.807 97.0163 
2261 104.848 97.0803 
2262 104.891 97.1485 
2263 104.938 97.2208 
2264 104.988 97.2969 
2265 105.041 97.3766 
2266 105.097 97.4599 
2267 105.155 97.5464 
2268 105.216 97.636 
2269 105.279 97.7286 
2270 105.344 97.8239 
2271 105.412 97.9218 
2272 105.481 98.022 
2273 105.552 98.1245 
2274 105.624 98.2289 
2275 105.698 98.3352 
2276 105.773 98.4431 
2277 105.849 98.5525 
2278 105.925 98.6631 
2279 106.003 98.7748 
2280 106.081 98.8874 
2281 106.159 99.0007 
2282 106.238 99.1144 
2283 106.317 99.2285 
2284 106.395 99.3427 
2285 106.473 99.4568 
2286 106.551 99.5706 
2287 106.628 99.684 
2288 106.704 99.7967 
2289 106.779 99.9085 
2290 106.853 100.019 
2291 106.926 100.129 
2292 106.997 100.237 
2293 107.067 100.343 
2294 107.135 100.448 
2295 107.2 100.551 
2296 107.264 100.651 
2297 107.325 100.749 
2298 107.384 100.844 
2299 107.439 100.936 
2300 107.492 101.025 
2301 107.542 101.112 
2302 107.589 101.194 
2303 107.633 101.274 
2304 107.673 101.351 
2305 107.71 101.424 
2306 107.744 101.494 
2307 107.775 101.562 
2308 107.802 101.626 
2309 107.826 101.688 
2310 107.847 101.746 
2311 107.864 101.802 
2312 107.877 101.855 
2313 107.887 101.906 
2314 107.894 101.953 
2315 107.897 101.998 
2316 107.897 102.041 
2317 107.892 102.081 
2318 107.885 102.118 
2319 107.873 102.153 
2320 107.858 102.186 
2321 107.839 102.216 
2322 107.816 102.244 
2323 107.789 102.27 
2324 107.758 102.293 
2325 107.724 102.314 
2326 107.685 102.333 
2327 107.643 102.35 
2328 107.596 102.365 
2329 107.546 102.378 
2330 107.491 102.39 
2331 107.432 102.399 
2332 107.369 102.406 
2333 107.302 102.412 
2334 107.23 102.416 
2335 107.155 102.418 
2336 107.074 102.419 
2337 106.99 102.418 
2338 106.901 102.415 
2339 106.808 102.411 
2340 106.71 102.406 
2341 106.608 102.399 
2342 106.501 102.391 
2343 106.389 102.382 
2344 106.273 102.371 
2345 106.153 102.359 
2346 106.027 102.346 
2347 105.897 102.332 
2348 105.762 102.317 
2349 105.622 102.301 
2350 105.478 102.285 
2351 105.328 102.267 
2352 105.174 102.248 
2353 105.015 102.227 
2354 104.851 102.205 
2355 104.682 102.181 
2356 104.509 102.154 
2357 104.331 102.125 
2358 104.148 102.093 
2359 103.961 102.057 
2360 103.769 102.018 
2361 103.573 101.975 
2362 103.373 101.928 
2363 103.168 101.877 
2364 102.958 101.82 
2365 102.745 101.759 
2366 102.527 101.692 
2367 102.305 101.619 
2368 102.078 101.541 
2369 101.848 101.456 
2370 101.613 101.364 
2371 101.375 101.265 
2372 101.132 101.159 
2373 100.886 101.046 
2374 100.635 100.924 
2375 100.381 100.794 
2376 100.123 100.656 
2377 99.8609 100.509 
2378 99.5952 100.352 
2379 99.3258 100.186 
2380 99.0528 100.01 
2381 98.7762 99.8242 
2382 98.496 99.6276 
2383 98.2123 99.4201 
2384 97.9252 99.2014 
2385 97.6346 98.9713 
2386 97.3407 98.7292 
2387 97.0435 98.475 
2388 96.743 98.2083 
2389 96.4392 97.9288 
2390 96.1323 97.636 
2391 95.8222 97.3298 
2392 95.5091 97.0097 
2393 95.1929 96.6754 
2394 94.8737 96.3266 
2395 94.5515 95.9629 
2396 94.2265 95.584 
2397 93.8987 95.1895 
2398 93.568 94.7791 
2399 93.2346 94.3525 
2400 92.8984 93.9093 
2401 92.5597 93.4495 
2402 92.2184 92.9741 
2403 91.8747 92.4845 
2404 91.5286 91.9822 
2405 91.1804 91.4684 
2406 90.83 90.9447 
2407 90.4777 90.4123 
2408 90.1235 89.8728 
2409 89.7675 89.3275 
2410 89.41 88.7779 
2411 89.0508 88.2253 
2412 88.6903 87.6713 
2413 88.3285 87.1171 
2414 87.9655 86.5643 
2415 87.6014 86.0143 
2416 87.2364 85.4686 
2417 86.8706 84.9286 
2418 86.504 84.3957 
2419 86.1368 83.8714 
2420 85.7692 83.3572 
2421 85.4012 82.8546 
2422 85.0329 82.365 
2423 84.6646 81.8899 
2424 84.2962 81.4307 
2425 83.9279 80.9891 
2426 83.5599 80.5664 
2427 83.1922 80.1641 
2428 82.825 79.7839 
2429 82.4584 79.4271 
2430 82.0926 79.0953 
2431 81.7275 78.79 
2432 81.3634 78.5127 
2433 81.0005 78.265 
2434 80.6387 78.0484 
2435 80.2782 77.8644 
2436 79.9192 77.7146 
2437 79.5618 77.6005 
2438 79.2061 77.5236 
2439 78.8523 77.4856 
2440 78.5004 77.4879 
2441 78.1505 77.5322 
2442 77.8029 77.62 
2443 77.4576 77.7529 
2444 77.1148 77.9325 
2445 76.7746 78.1603 
2446 76.4371 78.438 
2447 76.1025 78.7671 
2448 75.7708 79.1493 
2449 75.4422 79.5862 
2450 75.1169 80.0793 
2451 74.7949 80.6298 
2452 74.4762 81.2372 
2453 74.1607 81.9005 
2454 73.8484 82.6186 
2455 73.5391 83.3906 
2456 73.2329 84.2154 
2457 72.9296 85.092 
2458 72.6292 86.0193 
2459 72.3316 86.9965 
2460 72.0367 88.0223 
2461 71.7444 89.0958 
2462 71.4548 90.216 
2463 71.1676 91.3817 
2464 70.8829 92.592 
2465 70.6006 93.8458 
2466 70.3205 95.142 
2467 70.0426 96.4796 
2468 69.7669 97.8575 
2469 69.4932 99.2747 
2470 69.2216 100.73 
2471 68.9518 102.223 
2472 68.6839 103.751 
2473 68.4178 105.315 
2474 68.1533 106.912 
2475 67.8905 108.542 
2476 67.6291 110.204 
2477 67.3693 111.896 
2478 67.1108 113.618 
2479 66.8536 115.368 
2480 66.5977 117.146 
2481 66.3429 118.95 
2482 66.0892 120.779 
2483 65.8365 122.631 
2484 65.5847 124.507 
2485 65.3337 126.404 
2486 65.0835 128.322 
2487 64.834 130.26 
2488 64.585 132.215 
2489 64.3366 134.188 
2490 64.0886 136.177 
2491 63.841 138.18 
2492 63.5937 140.198 
2493 63.3466 142.228 
2494 63.0995 144.269 
2495 62.8526 146.321 
2496 62.6055 148.381 
2497 62.3584 150.45 
2498 62.111 152.525 
2499 61.8634 154.606 
2500 61.6154 156.691 
