2 384.997 
3 269.603 
4 206.684 
5 167.843 
6 142.02 
7 124.024 
8 111.108 
9 101.749 
10 94.7643 
11 89.6181 
12 86.1005 
13 83.5395 
14 81.9394 
15 81.2062 
16 80.878 
17 80.9956 
18 81.6936 
19 82.9754 
20 84.6817 
21 86.5581 
22 88.5894 
23 90.8186 
24 93.2619 
25 95.9032 
26 98.7063 
27 101.672 
28 104.801 
29 108.075 
30 111.459 
31 114.91 
32 118.426 
33 122.02 
34 125.699 
35 129.466 
36 133.323 
37 137.263 
38 141.278 
39 145.351 
40 149.462 
41 153.586 
42 157.721 
43 161.869 
44 166.029 
45 170.203 
46 174.389 
47 178.586 
48 182.791 
49 187 
50 191.208 
51 195.41 
52 199.604 
53 203.79 
54 207.966 
55 212.131 
56 216.282 
57 220.417 
58 224.532 
59 228.624 
60 232.688 
61 236.719 
62 240.716 
63 244.679 
64 248.605 
65 252.495 
66 256.346 
67 260.158 
68 263.929 
69 267.657 
70 271.341 
71 274.978 
72 278.567 
73 282.108 
74 285.6 
75 289.042 
76 292.433 
77 295.772 
78 299.057 
79 302.288 
80 305.464 
81 308.582 
82 311.642 
83 314.644 
84 317.588 
85 320.472 
86 323.298 
87 326.063 
88 328.768 
89 331.412 
90 333.994 
91 336.514 
92 338.972 
93 341.367 
94 343.7 
95 345.969 
96 348.176 
97 350.319 
98 352.399 
99 354.414 
100 356.366 
101 358.253 
102 360.076 
103 361.836 
104 363.531 
105 365.163 
106 366.732 
107 368.238 
108 369.681 
109 371.063 
110 372.382 
111 373.64 
112 374.836 
113 375.971 
114 377.044 
115 378.058 
116 379.011 
117 379.903 
118 380.736 
119 381.508 
120 382.221 
121 382.874 
122 383.469 
123 384.004 
124 384.483 
125 384.903 
126 385.268 
127 385.576 
128 385.829 
129 386.027 
130 386.171 
131 386.262 
132 386.299 
133 386.284 
134 386.218 
135 386.1 
136 385.932 
137 385.713 
138 385.445 
139 385.128 
140 384.763 
141 384.35 
142 383.889 
143 383.382 
144 382.83 
145 382.232 
146 381.591 
147 380.905 
148 380.178 
149 379.408 
150 378.596 
151 377.745 
152 376.853 
153 375.922 
154 374.952 
155 373.945 
156 372.9 
157 371.819 
158 370.701 
159 369.549 
160 368.361 
161 367.139 
162 365.884 
163 364.595 
164 363.275 
165 361.924 
166 360.542 
167 359.131 
168 357.69 
169 356.222 
170 354.725 
171 353.202 
172 351.653 
173 350.078 
174 348.479 
175 346.855 
176 345.207 
177 343.536 
178 341.843 
179 340.128 
180 338.392 
181 336.635 
182 334.858 
183 333.061 
184 331.246 
185 329.412 
186 327.561 
187 325.694 
188 323.81 
189 321.911 
190 319.997 
191 318.068 
192 316.126 
193 314.171 
194 312.203 
195 310.223 
196 308.231 
197 306.228 
198 304.215 
199 302.191 
200 300.157 
201 298.114 
202 296.062 
203 294.002 
204 291.934 
205 289.859 
206 287.778 
207 285.69 
208 283.597 
209 281.5 
210 279.398 
211 277.292 
212 275.183 
213 273.071 
214 270.956 
215 268.839 
216 266.721 
217 264.601 
218 262.481 
219 260.36 
220 258.238 
221 256.117 
222 253.996 
223 251.875 
224 249.755 
225 247.637 
226 245.519 
227 243.403 
228 241.29 
229 239.179 
230 237.07 
231 234.966 
232 232.865 
233 230.768 
234 228.675 
235 226.588 
236 224.505 
237 222.429 
238 220.357 
239 218.292 
240 216.234 
241 214.182 
242 212.136 
243 210.098 
244 208.067 
245 206.043 
246 204.026 
247 202.018 
248 200.017 
249 198.023 
250 196.038 
251 194.061 
252 192.091 
253 190.131 
254 188.179 
255 186.236 
256 184.303 
257 182.379 
258 180.465 
259 178.561 
260 176.668 
261 174.785 
262 172.912 
263 171.051 
264 169.2 
265 167.361 
266 165.532 
267 163.715 
268 161.909 
269 160.115 
270 158.333 
271 156.561 
272 154.802 
273 153.054 
274 151.317 
275 149.592 
276 147.879 
277 146.177 
278 144.487 
279 142.809 
280 141.143 
281 139.489 
282 137.847 
283 136.217 
284 134.6 
285 132.995 
286 131.403 
287 129.823 
288 128.255 
289 126.7 
290 125.157 
291 123.627 
292 122.109 
293 120.604 
294 119.111 
295 117.629 
296 116.16 
297 114.703 
298 113.258 
299 111.824 
300 110.401 
301 108.99 
302 107.591 
303 106.202 
304 104.826 
305 103.462 
306 102.109 
307 100.769 
308 99.4403 
309 98.1244 
310 96.821 
311 95.53 
312 94.2516 
313 92.986 
314 91.733 
315 90.4929 
316 89.2656 
317 88.0512 
318 86.8497 
319 85.6612 
320 84.4856 
321 83.323 
322 82.1735 
323 81.0368 
324 79.9132 
325 78.8024 
326 77.7046 
327 76.6196 
328 75.5473 
329 74.4878 
330 73.441 
331 72.4067 
332 71.3849 
333 70.3754 
334 69.3782 
335 68.3932 
336 67.4201 
337 66.4589 
338 65.5093 
339 64.5713 
340 63.6447 
341 62.7292 
342 61.8247 
343 60.931 
344 60.0478 
345 59.1749 
346 58.3121 
347 57.4592 
348 56.6157 
349 55.7816 
350 54.9564 
351 54.14 
352 53.3324 
353 52.5335 
354 51.7435 
355 50.9623 
356 50.19 
357 49.4266 
358 48.6722 
359 47.9267 
360 47.1902 
361 46.4627 
362 45.7442 
363 45.0347 
364 44.3342 
365 43.6427 
366 42.9602 
367 42.2866 
368 41.622 
369 40.9664 
370 40.3196 
371 39.6817 
372 39.0526 
373 38.4323 
374 37.8208 
375 37.218 
376 36.6238 
377 36.0382 
378 35.4612 
379 34.8925 
380 34.3323 
381 33.7804 
382 33.2366 
383 32.701 
384 32.1735 
385 31.6539 
386 31.1421 
387 30.638 
388 30.1416 
389 29.6526 
390 29.171 
391 28.6966 
392 28.2294 
393 27.7691 
394 27.3156 
395 26.8688 
396 26.4284 
397 25.9945 
398 25.5667 
399 25.1449 
400 24.7289 
401 24.3186 
402 23.9139 
403 23.5149 
404 23.1215 
405 22.7337 
406 22.3516 
407 21.975 
408 21.6041 
409 21.2387 
410 20.8789 
411 20.5246 
412 20.1758 
413 19.8326 
414 19.4948 
415 19.1624 
416 18.8355 
417 18.5139 
418 18.1977 
419 17.8868 
420 17.5812 
421 17.2808 
422 16.9856 
423 16.6955 
424 16.4105 
425 16.1306 
426 15.8556 
427 15.5856 
428 15.3205 
429 15.0601 
430 14.8045 
431 14.5536 
432 14.3073 
433 14.0655 
434 13.8282 
435 13.5954 
436 13.3668 
437 13.1424 
438 12.9222 
439 12.7061 
440 12.494 
441 12.2857 
442 12.0812 
443 11.8805 
444 11.6833 
445 11.4896 
446 11.2993 
447 11.1123 
448 10.9284 
449 10.7476 
450 10.5697 
451 10.3947 
452 10.2225 
453 10.0531 
454 9.88648 
455 9.72264 
456 9.56157 
457 9.40326 
458 9.24768 
459 9.09484 
460 8.9447 
461 8.79726 
462 8.6525 
463 8.51039 
464 8.37092 
465 8.23408 
466 8.09983 
467 7.96815 
468 7.83903 
469 7.71243 
470 7.58834 
471 7.46672 
472 7.34756 
473 7.23081 
474 7.11646 
475 7.00447 
476 6.89481 
477 6.78745 
478 6.68235 
479 6.57949 
480 6.47882 
481 6.38032 
482 6.28393 
483 6.18963 
484 6.09738 
485 6.00713 
486 5.91884 
487 5.83247 
488 5.74798 
489 5.66532 
490 5.58445 
491 5.50531 
492 5.42787 
493 5.35207 
494 5.27785 
495 5.20518 
496 5.13399 
497 5.06424 
498 4.99586 
499 4.92881 
500 4.86301 
501 4.79844 
502 4.73506 
503 4.67288 
504 4.61188 
505 4.55206 
506 4.49341 
507 4.43592 
508 4.37959 
509 4.3244 
510 4.27036 
511 4.21743 
512 4.16563 
513 4.11493 
514 4.06533 
515 4.01682 
516 3.96938 
517 3.92301 
518 3.87769 
519 3.8334 
520 3.79015 
521 3.74791 
522 3.70667 
523 3.66641 
524 3.62713 
525 3.58881 
526 3.55143 
527 3.51497 
528 3.47943 
529 3.44479 
530 3.41103 
531 3.37813 
532 3.34607 
533 3.31485 
534 3.28443 
535 3.25481 
536 3.22596 
537 3.19786 
538 3.1705 
539 3.14385 
540 3.11789 
541 3.09261 
542 3.06798 
543 3.04398 
544 3.02059 
545 2.99779 
546 2.97554 
547 2.95384 
548 2.93265 
549 2.91195 
550 2.89172 
551 2.87193 
552 2.85259 
553 2.83368 
554 2.81521 
555 2.79716 
556 2.77955 
557 2.76237 
558 2.74561 
559 2.72928 
560 2.71336 
561 2.69786 
562 2.68277 
563 2.6681 
564 2.65383 
565 2.63996 
566 2.6265 
567 2.61343 
568 2.60075 
569 2.58847 
570 2.57657 
571 2.56505 
572 2.55391 
573 2.54314 
574 2.53274 
575 2.52271 
576 2.51303 
577 2.50371 
578 2.49474 
579 2.48612 
580 2.47783 
581 2.46989 
582 2.46227 
583 2.45498 
584 2.448 
585 2.44134 
586 2.43499 
587 2.42894 
588 2.42319 
589 2.41773 
590 2.41256 
591 2.40766 
592 2.40303 
593 2.39867 
594 2.39457 
595 2.39072 
596 2.38711 
597 2.38375 
598 2.38061 
599 2.3777 
600 2.37501 
601 2.37252 
602 2.37025 
603 2.36818 
604 2.36632 
605 2.36466 
606 2.36321 
607 2.36197 
608 2.36093 
609 2.36009 
610 2.35946 
611 2.35903 
612 2.3588 
613 2.35877 
614 2.35894 
615 2.3593 
616 2.35987 
617 2.36063 
618 2.36158 
619 2.36273 
620 2.36407 
621 2.3656 
622 2.36732 
623 2.36923 
624 2.37132 
625 2.3736 
626 2.37607 
627 2.37872 
628 2.38155 
629 2.38456 
630 2.38775 
631 2.39111 
632 2.39466 
633 2.39837 
634 2.40226 
635 2.40631 
636 2.41054 
637 2.41493 
638 2.41949 
639 2.42421 
640 2.42909 
641 2.43413 
642 2.43932 
643 2.44467 
644 2.45018 
645 2.45583 
646 2.46164 
647 2.46759 
648 2.47368 
649 2.47992 
650 2.48629 
651 2.4928 
652 2.49945 
653 2.50623 
654 2.51315 
655 2.5202 
656 2.52738 
657 2.53468 
658 2.54212 
659 2.54968 
660 2.55737 
661 2.56517 
662 2.5731 
663 2.58115 
664 2.58932 
665 2.5976 
666 2.606 
667 2.61451 
668 2.62314 
669 2.63187 
670 2.64071 
671 2.64965 
672 2.6587 
673 2.66786 
674 2.67711 
675 2.68646 
676 2.6959 
677 2.70544 
678 2.71508 
679 2.7248 
680 2.73461 
681 2.7445 
682 2.75448 
683 2.76454 
684 2.77468 
685 2.7849 
686 2.79519 
687 2.80556 
688 2.81599 
689 2.82649 
690 2.83706 
691 2.84769 
692 2.85838 
693 2.86912 
694 2.87993 
695 2.89078 
696 2.90169 
697 2.91264 
698 2.92364 
699 2.93467 
700 2.94575 
701 2.95687 
702 2.96801 
703 2.9792 
704 2.99041 
705 3.00164 
706 3.01291 
707 3.02419 
708 3.0355 
709 3.04683 
710 3.05817 
711 3.06952 
712 3.08089 
713 3.09226 
714 3.10364 
715 3.11503 
716 3.12642 
717 3.1378 
718 3.14918 
719 3.16055 
720 3.17192 
721 3.18327 
722 3.19461 
723 3.20593 
724 3.21723 
725 3.2285 
726 3.23975 
727 3.25098 
728 3.26217 
729 3.27333 
730 3.28444 
731 3.29552 
732 3.30656 
733 3.31755 
734 3.32849 
735 3.33938 
736 3.35021 
737 3.36098 
738 3.37169 
739 3.38234 
740 3.39292 
741 3.40343 
742 3.41386 
743 3.42421 
744 3.43449 
745 3.44468 
746 3.45478 
747 3.46479 
748 3.4747 
749 3.48451 
750 3.49423 
751 3.50384 
752 3.51334 
753 3.52273 
754 3.53201 
755 3.54118 
756 3.55024 
757 3.55918 
758 3.568 
759 3.57671 
760 3.58529 
761 3.59375 
762 3.60209 
763 3.6103 
764 3.61839 
765 3.62634 
766 3.63416 
767 3.64185 
768 3.64941 
769 3.65683 
770 3.66411 
771 3.67125 
772 3.67824 
773 3.6851 
774 3.69181 
775 3.69837 
776 3.70478 
777 3.71104 
778 3.71714 
779 3.72309 
780 3.72889 
781 3.73452 
782 3.73999 
783 3.7453 
784 3.75045 
785 3.75542 
786 3.76023 
787 3.76487 
788 3.76933 
789 3.77362 
790 3.77773 
791 3.78167 
792 3.78542 
793 3.78898 
794 3.79237 
795 3.79556 
796 3.79857 
797 3.80138 
798 3.804 
799 3.80642 
800 3.80865 
801 3.81067 
802 3.8125 
803 3.81413 
804 3.81555 
805 3.81677 
806 3.8178 
807 3.81862 
808 3.81925 
809 3.81967 
810 3.8199 
811 3.81992 
812 3.81974 
813 3.81937 
814 3.81879 
815 3.81802 
816 3.81705 
817 3.81588 
818 3.81451 
819 3.81294 
820 3.81117 
821 3.8092 
822 3.80704 
823 3.80467 
824 3.80212 
825 3.79936 
826 3.7964 
827 3.79325 
828 3.78991 
829 3.78636 
830 3.78262 
831 3.77869 
832 3.77456 
833 3.77023 
834 3.76571 
835 3.761 
836 3.75609 
837 3.75099 
838 3.7457 
839 3.74021 
840 3.73453 
841 3.72866 
842 3.7226 
843 3.71634 
844 3.7099 
845 3.70327 
846 3.69645 
847 3.68944 
848 3.68224 
849 3.67485 
850 3.66728 
851 3.65952 
852 3.65157 
853 3.64344 
854 3.63513 
855 3.62664 
856 3.61797 
857 3.60912 
858 3.60009 
859 3.59089 
860 3.58152 
861 3.57198 
862 3.56227 
863 3.55239 
864 3.54234 
865 3.53213 
866 3.52176 
867 3.51122 
868 3.50053 
869 3.48968 
870 3.47868 
871 3.46752 
872 3.45621 
873 3.44475 
874 3.43314 
875 3.42139 
876 3.40949 
877 3.39746 
878 3.38528 
879 3.37296 
880 3.36051 
881 3.34793 
882 3.33521 
883 3.32237 
884 3.30939 
885 3.2963 
886 3.28308 
887 3.26974 
888 3.25628 
889 3.24271 
890 3.22902 
891 3.21522 
892 3.20131 
893 3.1873 
894 3.17318 
895 3.15896 
896 3.14464 
897 3.13022 
898 3.11571 
899 3.10111 
900 3.08641 
901 3.07164 
902 3.05677 
903 3.04183 
904 3.0268 
905 3.01169 
906 2.9965 
907 2.98124 
908 2.96591 
909 2.9505 
910 2.93503 
911 2.91948 
912 2.90387 
913 2.8882 
914 2.87246 
915 2.85667 
916 2.84081 
917 2.8249 
918 2.80894 
919 2.79292 
920 2.77686 
921 2.76075 
922 2.74459 
923 2.72839 
924 2.71215 
925 2.69587 
926 2.67955 
927 2.6632 
928 2.64682 
929 2.63041 
930 2.61397 
931 2.59751 
932 2.58102 
933 2.56451 
934 2.54799 
935 2.53145 
936 2.5149 
937 2.49833 
938 2.48176 
939 2.46518 
940 2.4486 
941 2.43202 
942 2.41544 
943 2.39886 
944 2.3823 
945 2.36574 
946 2.34919 
947 2.33266 
948 2.31614 
949 2.29965 
950 2.28318 
951 2.26673 
952 2.25031 
953 2.23392 
954 2.21756 
955 2.20122 
956 2.18492 
957 2.16865 
958 2.15242 
959 2.13621 
960 2.12005 
961 2.10392 
962 2.08783 
963 2.07178 
964 2.05577 
965 2.0398 
966 2.02388 
967 2.008 
968 1.99216 
969 1.97637 
970 1.96063 
971 1.94494 
972 1.9293 
973 1.91371 
974 1.89817 
975 1.88269 
976 1.86727 
977 1.8519 
978 1.83659 
979 1.82134 
980 1.80615 
981 1.79102 
982 1.77595 
983 1.76095 
984 1.74602 
985 1.73116 
986 1.71636 
987 1.70163 
988 1.68698 
989 1.67239 
990 1.65788 
991 1.64345 
992 1.6291 
993 1.61482 
994 1.60062 
995 1.58651 
996 1.57247 
997 1.55852 
998 1.54466 
999 1.53088 
1000 1.5172 
1001 1.5036 
1002 1.49009 
1003 1.47667 
1004 1.46335 
1005 1.45011 
1006 1.43696 
1007 1.42391 
1008 1.41094 
1009 1.39807 
1010 1.38529 
1011 1.3726 
1012 1.36001 
1013 1.3475 
1014 1.33509 
1015 1.32277 
1016 1.31054 
1017 1.2984 
1018 1.28636 
1019 1.27441 
1020 1.26255 
1021 1.25079 
1022 1.23912 
1023 1.22754 
1024 1.21606 
1025 1.20467 
1026 1.19337 
1027 1.18217 
1028 1.17106 
1029 1.16004 
1030 1.14912 
1031 1.1383 
1032 1.12757 
1033 1.11693 
1034 1.10639 
1035 1.09594 
1036 1.08558 
1037 1.07532 
1038 1.06516 
1039 1.05509 
1040 1.04512 
1041 1.03524 
1042 1.02545 
1043 1.01576 
1044 1.00617 
1045 0.99667 
1046 0.987266 
1047 0.977958 
1048 0.968745 
1049 0.959627 
1050 0.950604 
1051 0.941677 
1052 0.932845 
1053 0.924107 
1054 0.915464 
1055 0.906914 
1056 0.898458 
1057 0.890095 
1058 0.881825 
1059 0.873647 
1060 0.865561 
1061 0.857566 
1062 0.849662 
1063 0.841848 
1064 0.834125 
1065 0.826491 
1066 0.818946 
1067 0.81149 
1068 0.804122 
1069 0.796842 
1070 0.789649 
1071 0.782543 
1072 0.775522 
1073 0.768588 
1074 0.761739 
1075 0.754974 
1076 0.748293 
1077 0.741696 
1078 0.735182 
1079 0.728751 
1080 0.722401 
1081 0.716133 
1082 0.709945 
1083 0.703837 
1084 0.697809 
1085 0.69186 
1086 0.68599 
1087 0.680197 
1088 0.674481 
1089 0.668841 
1090 0.663278 
1091 0.657789 
1092 0.652376 
1093 0.647036 
1094 0.641769 
1095 0.636574 
1096 0.631452 
1097 0.626401 
1098 0.62142 
1099 0.616509 
1100 0.611667 
1101 0.606893 
1102 0.602187 
1103 0.597549 
1104 0.592977 
1105 0.588473 
1106 0.584034 
1107 0.579661 
1108 0.575353 
1109 0.57111 
1110 0.566931 
1111 0.562816 
1112 0.558764 
1113 0.554776 
1114 0.550849 
1115 0.546984 
1116 0.543181 
1117 0.539438 
1118 0.535756 
1119 0.532133 
1120 0.52857 
1121 0.525065 
1122 0.521619 
1123 0.51823 
1124 0.514898 
1125 0.511623 
1126 0.508403 
1127 0.505239 
1128 0.50213 
1129 0.499075 
1130 0.496074 
1131 0.493126 
1132 0.49023 
1133 0.487386 
1134 0.484593 
1135 0.481851 
1136 0.479158 
1137 0.476515 
1138 0.473921 
1139 0.471375 
1140 0.468876 
1141 0.466425 
1142 0.464019 
1143 0.461658 
1144 0.459343 
1145 0.457071 
1146 0.454843 
1147 0.452658 
1148 0.450515 
1149 0.448413 
1150 0.446351 
1151 0.44433 
1152 0.442348 
1153 0.440406 
1154 0.438502 
1155 0.436638 
1156 0.434812 
1157 0.433025 
1158 0.431275 
1159 0.429563 
1160 0.427889 
1161 0.426252 
1162 0.424651 
1163 0.423088 
1164 0.42156 
1165 0.420069 
1166 0.418613 
1167 0.417193 
1168 0.415807 
1169 0.414457 
1170 0.413141 
1171 0.411859 
1172 0.410611 
1173 0.409396 
1174 0.408214 
1175 0.407066 
1176 0.405949 
1177 0.404865 
1178 0.403813 
1179 0.402792 
1180 0.401802 
1181 0.400843 
1182 0.399915 
1183 0.399016 
1184 0.398148 
1185 0.397308 
1186 0.396498 
1187 0.395716 
1188 0.394962 
1189 0.394236 
1190 0.393538 
1191 0.392866 
1192 0.392221 
1193 0.391603 
1194 0.391011 
1195 0.390444 
1196 0.389902 
1197 0.389384 
1198 0.388892 
1199 0.388423 
1200 0.387977 
1201 0.387555 
1202 0.387155 
1203 0.386778 
1204 0.386424 
1205 0.386092 
1206 0.385783 
1207 0.385496 
1208 0.385231 
1209 0.384987 
1210 0.384766 
1211 0.384566 
1212 0.384388 
1213 0.38423 
1214 0.384094 
1215 0.383979 
1216 0.383885 
1217 0.383811 
1218 0.383758 
1219 0.383725 
1220 0.383713 
1221 0.38372 
1222 0.383747 
1223 0.383794 
1224 0.38386 
1225 0.383945 
1226 0.38405 
1227 0.384173 
1228 0.384315 
1229 0.384476 
1230 0.384655 
1231 0.384853 
1232 0.385068 
1233 0.385301 
1234 0.385552 
1235 0.38582 
1236 0.386105 
1237 0.386408 
1238 0.386727 
1239 0.387063 
1240 0.387416 
1241 0.387785 
1242 0.388169 
1243 0.38857 
1244 0.388986 
1245 0.389418 
1246 0.389865 
1247 0.390327 
1248 0.390803 
1249 0.391295 
1250 0.3918 
1251 0.39232 
1252 0.392854 
1253 0.393402 
1254 0.393963 
1255 0.394538 
1256 0.395126 
1257 0.395727 
1258 0.396342 
1259 0.396969 
1260 0.397609 
1261 0.398262 
1262 0.398927 
1263 0.399604 
1264 0.400294 
1265 0.400995 
1266 0.401708 
1267 0.402433 
1268 0.403169 
1269 0.403917 
1270 0.404675 
1271 0.405444 
1272 0.406224 
1273 0.407015 
1274 0.407816 
1275 0.408627 
1276 0.409448 
1277 0.410279 
1278 0.411119 
1279 0.411969 
1280 0.412829 
1281 0.413697 
1282 0.414574 
1283 0.41546 
1284 0.416354 
1285 0.417257 
1286 0.418167 
1287 0.419086 
1288 0.420012 
1289 0.420946 
1290 0.421887 
1291 0.422836 
1292 0.423791 
1293 0.424753 
1294 0.425721 
1295 0.426695 
1296 0.427676 
1297 0.428663 
1298 0.429655 
1299 0.430653 
1300 0.431655 
1301 0.432663 
1302 0.433676 
1303 0.434693 
1304 0.435715 
1305 0.43674 
1306 0.43777 
1307 0.438803 
1308 0.439839 
1309 0.440879 
1310 0.441922 
1311 0.442967 
1312 0.444015 
1313 0.445065 
1314 0.446117 
1315 0.447171 
1316 0.448226 
1317 0.449282 
1318 0.45034 
1319 0.451398 
1320 0.452457 
1321 0.453515 
1322 0.454574 
1323 0.455633 
1324 0.456691 
1325 0.457748 
1326 0.458805 
1327 0.45986 
1328 0.460913 
1329 0.461965 
1330 0.463014 
1331 0.464061 
1332 0.465106 
1333 0.466147 
1334 0.467186 
1335 0.468221 
1336 0.469252 
1337 0.470279 
1338 0.471302 
1339 0.47232 
1340 0.473334 
1341 0.474342 
1342 0.475345 
1343 0.476342 
1344 0.477334 
1345 0.478319 
1346 0.479297 
1347 0.480269 
1348 0.481233 
1349 0.48219 
1350 0.483139 
1351 0.48408 
1352 0.485013 
1353 0.485938 
1354 0.486854 
1355 0.487761 
1356 0.48866 
1357 0.489549 
1358 0.49043 
1359 0.4913 
1360 0.492162 
1361 0.493014 
1362 0.493855 
1363 0.494687 
1364 0.495509 
1365 0.49632 
1366 0.49712 
1367 0.49791 
1368 0.498689 
1369 0.499457 
1370 0.500214 
1371 0.500959 
1372 0.501693 
1373 0.502414 
1374 0.503124 
1375 0.503822 
1376 0.504507 
1377 0.50518 
1378 0.50584 
1379 0.506487 
1380 0.507122 
1381 0.507743 
1382 0.50835 
1383 0.508944 
1384 0.509524 
1385 0.51009 
1386 0.510642 
1387 0.51118 
1388 0.511703 
1389 0.512211 
1390 0.512704 
1391 0.513182 
1392 0.513645 
1393 0.514093 
1394 0.514524 
1395 0.51494 
1396 0.515339 
1397 0.515722 
1398 0.516089 
1399 0.516439 
1400 0.516772 
1401 0.517088 
1402 0.517387 
1403 0.517668 
1404 0.517933 
1405 0.51818 
1406 0.518409 
1407 0.518621 
1408 0.518815 
1409 0.518992 
1410 0.519152 
1411 0.519293 
1412 0.519417 
1413 0.519523 
1414 0.519611 
1415 0.519681 
1416 0.519733 
1417 0.519767 
1418 0.519782 
1419 0.51978 
1420 0.51976 
1421 0.519721 
1422 0.519663 
1423 0.519588 
1424 0.519493 
1425 0.519381 
1426 0.519249 
1427 0.519099 
1428 0.51893 
1429 0.518743 
1430 0.518536 
1431 0.518311 
1432 0.518067 
1433 0.517803 
1434 0.517521 
1435 0.517219 
1436 0.516898 
1437 0.516558 
1438 0.516199 
1439 0.51582 
1440 0.515422 
1441 0.515004 
1442 0.514566 
1443 0.514109 
1444 0.513633 
1445 0.513136 
1446 0.51262 
1447 0.512084 
1448 0.511528 
1449 0.510951 
1450 0.510355 
1451 0.509739 
1452 0.509103 
1453 0.508447 
1454 0.507771 
1455 0.507075 
1456 0.50636 
1457 0.505626 
1458 0.504873 
1459 0.504101 
1460 0.503309 
1461 0.502499 
1462 0.501671 
1463 0.500824 
1464 0.499958 
1465 0.499075 
1466 0.498173 
1467 0.497254 
1468 0.496317 
1469 0.495362 
1470 0.49439 
1471 0.493401 
1472 0.492395 
1473 0.491371 
1474 0.490331 
1475 0.489275 
1476 0.488201 
1477 0.487112 
1478 0.486006 
1479 0.484885 
1480 0.483747 
1481 0.482594 
1482 0.481426 
1483 0.480242 
1484 0.479043 
1485 0.477829 
1486 0.4766 
1487 0.475357 
1488 0.474099 
1489 0.472827 
1490 0.47154 
1491 0.47024 
1492 0.468926 
1493 0.467599 
1494 0.466258 
1495 0.464903 
1496 0.463536 
1497 0.462156 
1498 0.460763 
1499 0.459358 
1500 0.45794 
1501 0.456511 
1502 0.455069 
1503 0.453616 
1504 0.452151 
1505 0.450674 
1506 0.449186 
1507 0.447687 
1508 0.446178 
1509 0.444657 
1510 0.443126 
1511 0.441584 
1512 0.440032 
1513 0.438471 
1514 0.436899 
1515 0.435317 
1516 0.433726 
1517 0.432126 
1518 0.430517 
1519 0.428898 
1520 0.427271 
1521 0.425635 
1522 0.423991 
1523 0.422338 
1524 0.420678 
1525 0.419009 
1526 0.417333 
1527 0.41565 
1528 0.413959 
1529 0.412261 
1530 0.410556 
1531 0.408845 
1532 0.407127 
1533 0.405403 
1534 0.403672 
1535 0.401936 
1536 0.400194 
1537 0.398447 
1538 0.396694 
1539 0.394936 
1540 0.393174 
1541 0.391406 
1542 0.389635 
1543 0.387859 
1544 0.386079 
1545 0.384295 
1546 0.382507 
1547 0.380716 
1548 0.378922 
1549 0.377125 
1550 0.375325 
1551 0.373523 
1552 0.371718 
1553 0.369911 
1554 0.368102 
1555 0.366291 
1556 0.364479 
1557 0.362665 
1558 0.36085 
1559 0.359033 
1560 0.357215 
1561 0.355397 
1562 0.353578 
1563 0.351758 
1564 0.349939 
1565 0.348119 
1566 0.346299 
1567 0.344479 
1568 0.34266 
1569 0.340841 
1570 0.339024 
1571 0.337207 
1572 0.335391 
1573 0.333577 
1574 0.331764 
1575 0.329953 
1576 0.328143 
1577 0.326336 
1578 0.324531 
1579 0.322729 
1580 0.320929 
1581 0.319132 
1582 0.317339 
1583 0.315548 
1584 0.313761 
1585 0.311977 
1586 0.310197 
1587 0.308422 
1588 0.30665 
1589 0.304883 
1590 0.303121 
1591 0.301363 
1592 0.29961 
1593 0.297863 
1594 0.296121 
1595 0.294385 
1596 0.292654 
1597 0.29093 
1598 0.289212 
1599 0.2875 
1600 0.285795 
1601 0.284097 
1602 0.282405 
1603 0.280721 
1604 0.279044 
1605 0.277374 
1606 0.275711 
1607 0.274055 
1608 0.272406 
1609 0.270765 
1610 0.269131 
1611 0.267504 
1612 0.265885 
1613 0.264274 
1614 0.26267 
1615 0.261073 
1616 0.259485 
1617 0.257904 
1618 0.25633 
1619 0.254765 
1620 0.253207 
1621 0.251658 
1622 0.250116 
1623 0.248582 
1624 0.247057 
1625 0.24554 
1626 0.24403 
1627 0.24253 
1628 0.241037 
1629 0.239553 
1630 0.238077 
1631 0.23661 
1632 0.235151 
1633 0.233701 
1634 0.232259 
1635 0.230826 
1636 0.229402 
1637 0.227987 
1638 0.226581 
1639 0.225183 
1640 0.223795 
1641 0.222415 
1642 0.221045 
1643 0.219684 
1644 0.218332 
1645 0.216989 
1646 0.215655 
1647 0.214331 
1648 0.213017 
1649 0.211712 
1650 0.210416 
1651 0.20913 
1652 0.207854 
1653 0.206587 
1654 0.20533 
1655 0.204082 
1656 0.202844 
1657 0.201615 
1658 0.200396 
1659 0.199187 
1660 0.197987 
1661 0.196797 
1662 0.195617 
1663 0.194445 
1664 0.193284 
1665 0.192132 
1666 0.190989 
1667 0.189856 
1668 0.188733 
1669 0.187619 
1670 0.186514 
1671 0.18542 
1672 0.184334 
1673 0.183258 
1674 0.182192 
1675 0.181135 
1676 0.180087 
1677 0.179049 
1678 0.17802 
1679 0.177001 
1680 0.175991 
1681 0.174991 
1682 0.174 
1683 0.173018 
1684 0.172046 
1685 0.171083 
1686 0.17013 
1687 0.169185 
1688 0.168251 
1689 0.167325 
1690 0.166409 
1691 0.165502 
1692 0.164605 
1693 0.163717 
1694 0.162838 
1695 0.161968 
1696 0.161108 
1697 0.160257 
1698 0.159415 
1699 0.158582 
1700 0.157759 
1701 0.156945 
1702 0.156139 
1703 0.155344 
1704 0.154557 
1705 0.153779 
1706 0.15301 
1707 0.15225 
1708 0.151498 
1709 0.150756 
1710 0.150023 
1711 0.149298 
1712 0.148581 
1713 0.147874 
1714 0.147175 
1715 0.146484 
1716 0.145802 
1717 0.145128 
1718 0.144463 
1719 0.143806 
1720 0.143157 
1721 0.142517 
1722 0.141884 
1723 0.14126 
1724 0.140643 
1725 0.140035 
1726 0.139434 
1727 0.138842 
1728 0.138257 
1729 0.13768 
1730 0.137111 
1731 0.136549 
1732 0.135995 
1733 0.135448 
1734 0.134909 
1735 0.134377 
1736 0.133853 
1737 0.133335 
1738 0.132825 
1739 0.132323 
1740 0.131827 
1741 0.131338 
1742 0.130856 
1743 0.130382 
1744 0.129914 
1745 0.129453 
1746 0.128998 
1747 0.12855 
1748 0.128109 
1749 0.127675 
1750 0.127246 
1751 0.126825 
1752 0.126409 
1753 0.126 
1754 0.125597 
1755 0.125201 
1756 0.124811 
1757 0.124426 
1758 0.124048 
1759 0.123677 
1760 0.123311 
1761 0.122951 
1762 0.122597 
1763 0.12225 
1764 0.121908 
1765 0.121572 
1766 0.121242 
1767 0.120917 
1768 0.120599 
1769 0.120286 
1770 0.119979 
1771 0.119677 
1772 0.119381 
1773 0.119091 
1774 0.118806 
1775 0.118527 
1776 0.118253 
1777 0.117984 
1778 0.117721 
1779 0.117463 
1780 0.117211 
1781 0.116963 
1782 0.116721 
1783 0.116484 
1784 0.116252 
1785 0.116026 
1786 0.115804 
1787 0.115587 
1788 0.115375 
1789 0.115168 
1790 0.114966 
1791 0.114768 
1792 0.114576 
1793 0.114388 
1794 0.114204 
1795 0.114025 
1796 0.113851 
1797 0.113682 
1798 0.113516 
1799 0.113356 
1800 0.113199 
1801 0.113047 
1802 0.112899 
1803 0.112756 
1804 0.112616 
1805 0.112481 
1806 0.11235 
1807 0.112223 
1808 0.112101 
1809 0.111982 
1810 0.111867 
1811 0.111757 
1812 0.11165 
1813 0.111547 
1814 0.111449 
1815 0.111354 
1816 0.111263 
1817 0.111176 
1818 0.111092 
1819 0.111012 
1820 0.110937 
1821 0.110864 
1822 0.110796 
1823 0.110731 
1824 0.110669 
1825 0.110611 
1826 0.110557 
1827 0.110506 
1828 0.110459 
1829 0.110415 
1830 0.110374 
1831 0.110337 
1832 0.110303 
1833 0.110272 
1834 0.110245 
1835 0.11022 
1836 0.110199 
1837 0.110181 
1838 0.110166 
1839 0.110155 
1840 0.110146 
1841 0.11014 
1842 0.110137 
1843 0.110137 
1844 0.11014 
1845 0.110145 
1846 0.110154 
1847 0.110165 
1848 0.110179 
1849 0.110196 
1850 0.110215 
1851 0.110237 
1852 0.110261 
1853 0.110288 
1854 0.110317 
1855 0.110349 
1856 0.110383 
1857 0.11042 
1858 0.110459 
1859 0.1105 
1860 0.110543 
1861 0.110589 
1862 0.110637 
1863 0.110687 
1864 0.110739 
1865 0.110793 
1866 0.110849 
1867 0.110907 
1868 0.110967 
1869 0.111029 
1870 0.111093 
1871 0.111159 
1872 0.111226 
1873 0.111296 
1874 0.111366 
1875 0.111439 
1876 0.111513 
1877 0.111589 
1878 0.111666 
1879 0.111745 
1880 0.111825 
1881 0.111907 
1882 0.11199 
1883 0.112074 
1884 0.11216 
1885 0.112247 
1886 0.112335 
1887 0.112424 
1888 0.112514 
1889 0.112605 
1890 0.112698 
1891 0.112791 
1892 0.112885 
1893 0.11298 
1894 0.113076 
1895 0.113173 
1896 0.113271 
1897 0.113369 
1898 0.113468 
1899 0.113567 
1900 0.113667 
1901 0.113768 
1902 0.113869 
1903 0.113971 
1904 0.114073 
1905 0.114175 
1906 0.114278 
1907 0.114381 
1908 0.114484 
1909 0.114588 
1910 0.114692 
1911 0.114796 
1912 0.114901 
1913 0.115006 
1914 0.115111 
1915 0.115215 
1916 0.115321 
1917 0.115426 
1918 0.115531 
1919 0.115636 
1920 0.115741 
1921 0.115846 
1922 0.115952 
1923 0.116057 
1924 0.116161 
1925 0.116266 
1926 0.116371 
1927 0.116475 
1928 0.116579 
1929 0.116683 
1930 0.116786 
1931 0.116889 
1932 0.116992 
1933 0.117094 
1934 0.117196 
1935 0.117297 
1936 0.117398 
1937 0.117499 
1938 0.117598 
1939 0.117698 
1940 0.117796 
1941 0.117894 
1942 0.117991 
1943 0.118088 
1944 0.118184 
1945 0.118279 
1946 0.118373 
1947 0.118466 
1948 0.118559 
1949 0.11865 
1950 0.118741 
1951 0.11883 
1952 0.118919 
1953 0.119006 
1954 0.119093 
1955 0.119178 
1956 0.119263 
1957 0.119346 
1958 0.119428 
1959 0.119509 
1960 0.119589 
1961 0.119668 
1962 0.119745 
1963 0.119821 
1964 0.119896 
1965 0.11997 
1966 0.120042 
1967 0.120113 
1968 0.120183 
1969 0.120251 
1970 0.120318 
1971 0.120383 
1972 0.120447 
1973 0.12051 
1974 0.120571 
1975 0.12063 
1976 0.120688 
1977 0.120745 
1978 0.1208 
1979 0.120853 
1980 0.120905 
1981 0.120955 
1982 0.121003 
1983 0.12105 
1984 0.121095 
1985 0.121138 
1986 0.12118 
1987 0.121219 
1988 0.121257 
1989 0.121293 
1990 0.121328 
1991 0.12136 
1992 0.12139 
1993 0.121419 
1994 0.121445 
1995 0.12147 
1996 0.121492 
1997 0.121513 
1998 0.121531 
1999 0.121548 
2000 0.121562 
2001 0.121574 
2002 0.121584 
2003 0.121592 
2004 0.121598 
2005 0.121601 
2006 0.121603 
2007 0.121602 
2008 0.121599 
2009 0.121593 
2010 0.121585 
2011 0.121575 
2012 0.121563 
2013 0.121548 
2014 0.121531 
2015 0.121512 
2016 0.12149 
2017 0.121466 
2018 0.12144 
2019 0.121411 
2020 0.121379 
2021 0.121345 
2022 0.121309 
2023 0.12127 
2024 0.121229 
2025 0.121185 
2026 0.121139 
2027 0.12109 
2028 0.121038 
2029 0.120984 
2030 0.120927 
2031 0.120867 
2032 0.120805 
2033 0.120741 
2034 0.120673 
2035 0.120603 
2036 0.12053 
2037 0.120454 
2038 0.120376 
2039 0.120295 
2040 0.120211 
2041 0.120124 
2042 0.120034 
2043 0.119942 
2044 0.119846 
2045 0.119748 
2046 0.119647 
2047 0.119542 
2048 0.119435 
2049 0.119325 
2050 0.119212 
2051 0.119096 
2052 0.118977 
2053 0.118855 
2054 0.11873 
2055 0.118602 
2056 0.118472 
2057 0.118338 
2058 0.118202 
2059 0.118062 
2060 0.11792 
2061 0.117775 
2062 0.117628 
2063 0.117477 
2064 0.117324 
2065 0.117169 
2066 0.11701 
2067 0.116849 
2068 0.116686 
2069 0.11652 
2070 0.116351 
2071 0.11618 
2072 0.116006 
2073 0.11583 
2074 0.115651 
2075 0.11547 
2076 0.115287 
2077 0.115101 
2078 0.114912 
2079 0.114722 
2080 0.114529 
2081 0.114334 
2082 0.114136 
2083 0.113937 
2084 0.113735 
2085 0.113531 
2086 0.113325 
2087 0.113117 
2088 0.112906 
2089 0.112694 
2090 0.11248 
2091 0.112263 
2092 0.112045 
2093 0.111824 
2094 0.111602 
2095 0.111378 
2096 0.111152 
2097 0.110924 
2098 0.110694 
2099 0.110463 
2100 0.11023 
2101 0.109995 
2102 0.109758 
2103 0.109519 
2104 0.109279 
2105 0.109038 
2106 0.108794 
2107 0.10855 
2108 0.108303 
2109 0.108055 
2110 0.107805 
2111 0.107554 
2112 0.107302 
2113 0.107048 
2114 0.106792 
2115 0.106535 
2116 0.106277 
2117 0.106017 
2118 0.105756 
2119 0.105493 
2120 0.105229 
2121 0.104964 
2122 0.104698 
2123 0.10443 
2124 0.104162 
2125 0.103891 
2126 0.10362 
2127 0.103348 
2128 0.103074 
2129 0.1028 
2130 0.102524 
2131 0.102247 
2132 0.101969 
2133 0.10169 
2134 0.10141 
2135 0.101129 
2136 0.100848 
2137 0.100565 
2138 0.100281 
2139 0.0999965 
2140 0.0997111 
2141 0.0994249 
2142 0.0991378 
2143 0.09885 
2144 0.0985614 
2145 0.0982721 
2146 0.097982 
2147 0.0976913 
2148 0.0973999 
2149 0.0971079 
2150 0.0968153 
2151 0.0965221 
2152 0.0962283 
2153 0.095934 
2154 0.0956391 
2155 0.0953438 
2156 0.0950479 
2157 0.0947516 
2158 0.0944548 
2159 0.0941576 
2160 0.09386 
2161 0.093562 
2162 0.0932637 
2163 0.092965 
2164 0.092666 
2165 0.0923666 
2166 0.092067 
2167 0.0917671 
2168 0.0914669 
2169 0.0911666 
2170 0.090866 
2171 0.0905652 
2172 0.0902643 
2173 0.0899633 
2174 0.0896621 
2175 0.0893608 
2176 0.0890594 
2177 0.088758 
2178 0.0884565 
2179 0.088155 
2180 0.0878536 
2181 0.0875521 
2182 0.0872507 
2183 0.0869494 
2184 0.0866482 
2185 0.086347 
2186 0.086046 
2187 0.0857452 
2188 0.0854446 
2189 0.0851441 
2190 0.0848439 
2191 0.0845439 
2192 0.0842442 
2193 0.0839448 
2194 0.0836457 
2195 0.0833469 
2196 0.0830485 
2197 0.0827504 
2198 0.0824528 
2199 0.0821556 
2200 0.0818589 
2201 0.0815626 
2202 0.0812668 
2203 0.0809715 
2204 0.0806767 
2205 0.0803825 
2206 0.0800888 
2207 0.0797957 
2208 0.0795031 
2209 0.0792112 
2210 0.0789198 
2211 0.0786291 
2212 0.0783391 
2213 0.0780497 
2214 0.077761 
2215 0.0774729 
2216 0.0771856 
2217 0.076899 
2218 0.0766132 
2219 0.0763281 
2220 0.0760437 
2221 0.0757602 
2222 0.0754775 
2223 0.0751956 
2224 0.0749145 
2225 0.0746343 
2226 0.074355 
2227 0.0740765 
2228 0.073799 
2229 0.0735224 
2230 0.0732467 
2231 0.072972 
2232 0.0726983 
2233 0.0724255 
2234 0.0721538 
2235 0.071883 
2236 0.0716134 
2237 0.0713447 
2238 0.0710772 
2239 0.0708107 
2240 0.0705454 
2241 0.0702812 
2242 0.0700181 
2243 0.0697562 
2244 0.0694955 
2245 0.069236 
2246 0.0689777 
2247 0.0687206 
2248 0.0684648 
2249 0.0682102 
2250 0.067957 
2251 0.067705 
2252 0.0674543 
2253 0.067205 
2254 0.066957 
2255 0.0667103 
2256 0.066465 
2257 0.066221 
2258 0.0659783 
2259 0.065737 
2260 0.065497 
2261 0.0652584 
2262 0.0650212 
2263 0.0647854 
2264 0.0645509 
2265 0.0643178 
2266 0.0640862 
2267 0.0638559 
2268 0.063627 
2269 0.0633995 
2270 0.0631735 
2271 0.0629489 
2272 0.0627257 
2273 0.0625039 
2274 0.0622836 
2275 0.0620648 
2276 0.0618474 
2277 0.0616314 
2278 0.0614169 
2279 0.0612039 
2280 0.0609924 
2281 0.0607823 
2282 0.0605738 
2283 0.0603667 
2284 0.0601612 
2285 0.0599571 
2286 0.0597546 
2287 0.0595536 
2288 0.0593541 
2289 0.0591561 
2290 0.0589597 
2291 0.0587649 
2292 0.0585716 
2293 0.0583798 
2294 0.0581896 
2295 0.058001 
2296 0.057814 
2297 0.0576285 
2298 0.0574447 
2299 0.0572624 
2300 0.0570817 
2301 0.0569027 
2302 0.0567252 
2303 0.0565494 
2304 0.0563751 
2305 0.0562024 
2306 0.0560312 
2307 0.0558617 
2308 0.0556936 
2309 0.0555271 
2310 0.0553622 
2311 0.0551987 
2312 0.0550368 
2313 0.0548764 
2314 0.0547175 
2315 0.05456 
2316 0.0544041 
2317 0.0542496 
2318 0.0540966 
2319 0.053945 
2320 0.0537948 
2321 0.0536461 
2322 0.0534988 
2323 0.053353 
2324 0.0532085 
2325 0.0530654 
2326 0.0529237 
2327 0.0527834 
2328 0.0526444 
2329 0.0525068 
2330 0.0523706 
2331 0.0522357 
2332 0.0521021 
2333 0.0519698 
2334 0.0518388 
2335 0.0517092 
2336 0.0515808 
2337 0.0514537 
2338 0.0513278 
2339 0.0512032 
2340 0.0510799 
2341 0.0509578 
2342 0.0508369 
2343 0.0507173 
2344 0.0505988 
2345 0.0504815 
2346 0.0503655 
2347 0.0502506 
2348 0.0501368 
2349 0.0500242 
2350 0.0499128 
2351 0.0498025 
2352 0.0496933 
2353 0.0495852 
2354 0.0494783 
2355 0.0493725 
2356 0.0492677 
2357 0.0491641 
2358 0.0490616 
2359 0.0489601 
2360 0.0488598 
2361 0.0487605 
2362 0.0486623 
2363 0.0485652 
2364 0.0484691 
2365 0.0483741 
2366 0.0482801 
2367 0.0481872 
2368 0.0480953 
2369 0.0480045 
2370 0.0479147 
2371 0.0478259 
2372 0.0477381 
2373 0.0476513 
2374 0.0475656 
2375 0.0474808 
2376 0.0473971 
2377 0.0473143 
2378 0.0472325 
2379 0.0471517 
2380 0.0470719 
2381 0.046993 
2382 0.0469151 
2383 0.0468381 
2384 0.0467621 
2385 0.0466871 
2386 0.0466129 
2387 0.0465397 
2388 0.0464675 
2389 0.0463961 
2390 0.0463256 
2391 0.0462561 
2392 0.0461874 
2393 0.0461197 
2394 0.0460528 
2395 0.0459868 
2396 0.0459217 
2397 0.0458575 
2398 0.0457941 
2399 0.0457315 
2400 0.0456698 
2401 0.045609 
2402 0.045549 
2403 0.0454898 
2404 0.0454315 
2405 0.0453739 
2406 0.0453173 
2407 0.0452614 
2408 0.0452063 
2409 0.0451521 
2410 0.0450987 
2411 0.0450461 
2412 0.0449943 
2413 0.0449433 
2414 0.0448931 
2415 0.0448437 
2416 0.0447951 
2417 0.0447472 
2418 0.0447002 
2419 0.044654 
2420 0.0446085 
2421 0.0445638 
2422 0.0445199 
2423 0.0444767 
2424 0.0444344 
2425 0.0443927 
2426 0.0443519 
2427 0.0443118 
2428 0.0442724 
2429 0.0442338 
2430 0.044196 
2431 0.0441589 
2432 0.0441225 
2433 0.0440869 
2434 0.0440519 
2435 0.0440178 
2436 0.0439843 
2437 0.0439516 
2438 0.0439196 
2439 0.0438883 
2440 0.0438577 
2441 0.0438278 
2442 0.0437986 
2443 0.0437701 
2444 0.0437423 
2445 0.0437152 
2446 0.0436888 
2447 0.0436631 
2448 0.043638 
2449 0.0436136 
2450 0.0435899 
2451 0.0435669 
2452 0.0435445 
2453 0.0435228 
2454 0.0435017 
2455 0.0434812 
2456 0.0434613 
2457 0.043442 
2458 0.0434232 
2459 0.0434051 
2460 0.0433875 
2461 0.0433704 
2462 0.0433538 
2463 0.0433377 
2464 0.0433222 
2465 0.0433071 
2466 0.0432924 
2467 0.0432782 
2468 0.0432645 
2469 0.0432512 
2470 0.0432383 
2471 0.0432258 
2472 0.0432136 
2473 0.0432018 
2474 0.0431904 
2475 0.0431793 
2476 0.0431686 
2477 0.0431581 
2478 0.043148 
2479 0.0431381 
2480 0.0431285 
2481 0.0431191 
2482 0.04311 
2483 0.0431011 
2484 0.0430924 
2485 0.0430839 
2486 0.0430755 
2487 0.0430673 
2488 0.0430593 
2489 0.0430514 
2490 0.0430436 
2491 0.0430359 
2492 0.0430284 
2493 0.0430208 
2494 0.0430134 
2495 0.0430059 
2496 0.0429985 
2497 0.0429911 
2498 0.0429837 
2499 0.0429763 
2500 0.0429688 
