2 982.077 0.0248315 0.122243 486.98 1.08881e-08 
3 961.388 0.0588807 0.287098 483.995 1.5732e-08 
4 914.773 0.10013 0.494286 466.949 2.09634e-08 
5 874.284 0.147741 0.740029 450.834 2.61393e-08 
6 845.804 0.201512 1.0222 438.893 3.11206e-08 
7 828.076 0.261329 1.33969 430.352 3.59086e-08 
8 818.637 0.326337 1.68895 424.522 4.05153e-08 
9 812.848 0.395272 2.06806 419.773 4.49676e-08 
10 811.414 0.468724 2.4794 416.608 4.9214e-08 
11 813.457 0.545284 2.91636 414.418 5.3259e-08 
12 818.854 0.624813 3.37967 413.318 5.72722e-08 
13 825.116 0.70582 3.86447 412.393 6.09938e-08 
14 832.829 0.788915 4.37607 412.099 6.4622e-08 
15 842.047 0.873935 4.91527 412.49 6.8273e-08 
16 851.051 0.957538 5.46628 412.656 7.14988e-08 
17 860.53 1.03986 6.0313 412.987 7.44205e-08 
18 871.534 1.12251 6.62041 414.067 7.73987e-08 
19 884.33 1.20626 7.23952 416.048 8.06557e-08 
20 898.19 1.28955 7.88322 418.538 8.4068e-08 
21 911.794 1.36843 8.53402 420.824 8.71477e-08 
22 925.261 1.44225 9.19085 422.976 8.98685e-08 
23 939.033 1.51169 9.85874 425.242 9.23813e-08 
24 953.324 1.57716 10.541 427.745 9.47999e-08 
25 968.083 1.63835 11.2364 430.465 9.71476e-08 
26 983.086 1.69422 11.9397 433.287 9.936e-08 
27 998.43 1.74487 12.6523 436.27 1.01504e-07 
28 1014.21 1.79049 13.3767 439.472 1.03661e-07 
29 1030.37 1.8305 14.112 442.868 1.05838e-07 
30 1046.68 1.86317 14.8519 446.336 1.07927e-07 
31 1062.84 1.88599 15.5867 449.722 1.09742e-07 
32 1078.95 1.89867 16.3169 453.079 1.11303e-07 
33 1095.19 1.90181 17.0471 456.507 1.12704e-07 
34 1111.72 1.89602 17.7822 460.09 1.1404e-07 
35 1128.63 1.88194 18.5266 463.885 1.154e-07 
36 1146.01 1.86002 19.2839 467.927 1.16856e-07 
37 1163.85 1.83044 20.0559 472.22 1.18455e-07 
38 1182.11 1.79291 20.8417 476.733 1.202e-07 
39 1200.68 1.74651 21.6369 481.403 1.22037e-07 
40 1219.37 1.6894 22.432 486.124 1.23838e-07 
41 1237.98 1.61936 23.2151 490.786 1.25436e-07 
42 1256.53 1.53604 23.9847 495.397 1.26817e-07 
43 1275.11 1.43974 24.7425 499.996 1.28015e-07 
44 1293.77 1.33078 25.4907 504.614 1.29067e-07 
45 1312.57 1.20947 26.2311 509.278 1.30006e-07 
46 1331.55 1.07604 26.9654 514.005 1.30863e-07 
47 1350.72 0.93061 27.6944 518.807 1.31664e-07 
48 1370.11 0.77312 28.4184 523.685 1.32422e-07 
49 1389.7 0.603259 29.1364 528.631 1.33141e-07 
50 1409.46 0.420388 29.8459 533.627 1.33805e-07 
51 1429.35 0.223751 30.5437 538.654 1.34393e-07 
52 1449.41 0.0134757 31.2306 543.72 1.34924e-07 
53 1469.67 -0.21006 31.9086 548.842 1.35425e-07 
54 1490.16 -0.446512 32.5793 554.03 1.35923e-07 
55 1510.9 -0.695599 33.2438 559.291 1.36436e-07 
56 1531.9 -0.957136 33.9028 564.628 1.36977e-07 
57 1553.17 -1.23108 34.5561 570.038 1.37546e-07 
58 1574.69 -1.51754 35.2024 575.513 1.38136e-07 
59 1596.46 -1.8169 35.8392 581.039 1.38723e-07 
60 1618.44 -2.12975 36.4624 586.595 1.39265e-07 
61 1640.6 -2.4568 37.0676 592.164 1.39717e-07 
62 1662.96 -2.79788 37.6548 597.748 1.40081e-07 
63 1685.53 -3.15263 38.2253 603.356 1.40373e-07 
64 1708.34 -3.52067 38.78 608.995 1.40607e-07 
65 1731.4 -3.90167 39.32 614.671 1.40796e-07 
66 1754.72 -4.29532 39.8458 620.385 1.40949e-07 
67 1778.3 -4.70141 40.3578 626.138 1.41076e-07 
68 1802.14 -5.1198 40.8556 631.931 1.41179e-07 
69 1826.24 -5.55045 41.3384 637.758 1.41258e-07 
70 1850.58 -5.99346 41.8046 643.613 1.41306e-07 
71 1875.16 -6.44895 42.2527 649.489 1.41317e-07 
72 1899.97 -6.91656 42.683 655.391 1.41297e-07 
73 1925.03 -7.39585 43.0965 661.32 1.41257e-07 
74 1950.35 -7.88636 43.4942 667.281 1.41206e-07 
75 1975.93 -8.38768 43.8765 673.276 1.41149e-07 
76 2001.77 -8.89943 44.2437 679.303 1.4109e-07 
77 2027.88 -9.42129 44.5958 685.364 1.4103e-07 
78 2054.23 -9.95303 44.9322 691.455 1.40964e-07 
79 2080.83 -10.4945 45.2517 697.572 1.40886e-07 
80 2107.66 -11.0455 45.5527 703.71 1.40782e-07 
81 2134.71 -11.6062 45.8333 709.863 1.40639e-07 
82 2161.99 -12.1759 46.094 716.033 1.4046e-07 
83 2189.49 -12.7542 46.3356 722.223 1.40252e-07 
84 2217.23 -13.3406 46.559 728.434 1.40023e-07 
85 2245.2 -13.9344 46.7648 734.669 1.39776e-07 
86 2273.4 -14.5353 46.9534 740.927 1.39516e-07 
87 2301.84 -15.1427 47.1251 747.209 1.39247e-07 
88 2330.52 -15.7562 47.2797 753.513 1.38968e-07 
89 2359.42 -16.3756 47.4168 759.838 1.38678e-07 
90 2388.54 -17.0004 47.5357 766.181 1.38373e-07 
91 2417.87 -17.6304 47.6354 772.539 1.38049e-07 
92 2447.42 -18.2651 47.7164 778.913 1.37708e-07 
93 2477.18 -18.9039 47.7792 785.303 1.37356e-07 
94 2507.15 -19.5462 47.8244 791.711 1.36994e-07 
95 2537.35 -20.1916 47.8523 798.136 1.36625e-07 
96 2567.75 -20.8395 47.8628 804.577 1.36249e-07 
97 2598.37 -21.4895 47.856 811.034 1.35864e-07 
98 2629.19 -22.1412 47.8312 817.504 1.35469e-07 
99 2660.22 -22.7943 47.7877 823.985 1.35058e-07 
100 2691.44 -23.4485 47.7244 830.474 1.34625e-07 
101 2722.84 -24.1034 47.6401 836.969 1.34163e-07 
102 2754.43 -24.7585 47.5355 843.47 1.33674e-07 
103 2786.21 -25.413 47.412 849.979 1.33165e-07 
104 2818.18 -26.0663 47.2705 856.499 1.32641e-07 
105 2850.34 -26.7176 47.1123 863.032 1.32106e-07 
106 2882.68 -27.3663 46.9385 869.578 1.31566e-07 
107 2915.22 -28.0117 46.7501 876.138 1.31026e-07 
108 2947.94 -28.6531 46.5481 882.714 1.30488e-07 
109 2980.83 -29.2898 46.3334 889.307 1.29956e-07 
110 3013.91 -29.9211 46.1068 895.916 1.29435e-07 
111 3047.16 -30.5466 45.869 902.541 1.28925e-07 
112 3080.57 -31.1655 45.6204 909.183 1.28428e-07 
113 3114.14 -31.7774 45.3614 915.84 1.27945e-07 
114 3147.86 -32.3816 45.0921 922.513 1.27476e-07 
115 3181.72 -32.9776 44.8126 929.198 1.27019e-07 
116 3215.71 -33.5651 44.5224 935.896 1.26572e-07 
117 3249.82 -34.1436 44.2211 942.604 1.26131e-07 
118 3284.04 -34.7127 43.9078 949.32 1.25691e-07 
119 3318.35 -35.2722 43.5812 956.04 1.25245e-07 
120 3352.74 -35.8218 43.24 962.762 1.24786e-07 
121 3387.18 -36.3612 42.8826 969.483 1.24305e-07 
122 3421.69 -36.8898 42.5098 976.203 1.23804e-07 
123 3456.25 -37.4071 42.1223 982.924 1.23285e-07 
124 3490.85 -37.9123 41.7214 989.647 1.22751e-07 
125 3525.5 -38.4049 41.3079 996.372 1.22205e-07 
126 3560.18 -38.8842 40.8828 1003.1 1.2165e-07 
127 3594.9 -39.3495 40.4471 1009.83 1.21087e-07 
128 3629.63 -39.8004 40.0017 1016.57 1.2052e-07 
129 3664.39 -40.2363 39.5474 1023.31 1.1995e-07 
130 3699.15 -40.6564 39.0849 1030.06 1.1938e-07 
131 3733.92 -41.0604 38.6151 1036.81 1.1881e-07 
132 3768.67 -41.4476 38.1386 1043.57 1.18241e-07 
133 3803.41 -41.8175 37.6558 1050.34 1.17676e-07 
134 3838.13 -42.1697 37.1674 1057.11 1.17114e-07 
135 3872.8 -42.5037 36.6735 1063.89 1.16556e-07 
136 3907.43 -42.819 36.1744 1070.67 1.16001e-07 
137 3941.99 -43.1152 35.6703 1077.45 1.15448e-07 
138 3976.49 -43.392 35.161 1084.24 1.14897e-07 
139 4010.89 -43.6489 34.6463 1091.03 1.14345e-07 
140 4045.2 -43.8857 34.1259 1097.82 1.1379e-07 
141 4079.39 -44.102 33.5993 1104.61 1.13229e-07 
142 4113.47 -44.2974 33.0674 1111.4 1.12665e-07 
143 4147.41 -44.4714 32.531 1118.19 1.12097e-07 
144 4181.22 -44.6236 31.9911 1124.98 1.1153e-07 
145 4214.89 -44.7535 31.4485 1131.78 1.10963e-07 
146 4248.4 -44.8607 30.9041 1138.57 1.10399e-07 
147 4281.75 -44.9448 30.3587 1145.37 1.09838e-07 
148 4314.93 -45.0054 29.8131 1152.17 1.09283e-07 
149 4347.93 -45.0421 29.2679 1158.97 1.08734e-07 
150 4380.75 -45.0546 28.7239 1165.78 1.08191e-07 
151 4413.36 -45.0426 28.1815 1172.59 1.07656e-07 
152 4445.77 -45.0057 27.6413 1179.4 1.07129e-07 
153 4477.96 -44.9437 27.1036 1186.21 1.06609e-07 
154 4509.92 -44.8564 26.5689 1193.03 1.06097e-07 
155 4541.64 -44.7434 26.0373 1199.85 1.05591e-07 
156 4573.1 -44.6046 25.509 1206.66 1.05092e-07 
157 4604.31 -44.4399 24.9839 1213.48 1.04597e-07 
158 4635.23 -44.249 24.4619 1220.3 1.04105e-07 
159 4665.87 -44.0319 23.9429 1227.12 1.03615e-07 
160 4696.21 -43.7886 23.4263 1233.93 1.03123e-07 
161 4726.24 -43.5188 22.912 1240.75 1.02628e-07 
162 4755.94 -43.2225 22.4004 1247.56 1.0213e-07 
163 4785.32 -42.8994 21.8924 1254.37 1.01629e-07 
164 4814.35 -42.5494 21.3887 1261.17 1.01128e-07 
165 4843.05 -42.1724 20.89 1267.98 1.00628e-07 
166 4871.38 -41.7682 20.3971 1274.78 1.00128e-07 
167 4899.36 -41.3366 19.9106 1281.58 9.96306e-08 
168 4926.96 -40.8776 19.4312 1288.38 9.91359e-08 
169 4954.19 -40.3912 18.9594 1295.18 9.86448e-08 
170 4981.02 -39.8772 18.4958 1301.97 9.81577e-08 
171 5007.46 -39.3356 18.0408 1308.77 9.76752e-08 
172 5033.5 -38.7663 17.5949 1315.56 9.71975e-08 
173 5059.12 -38.1695 17.1586 1322.36 9.67249e-08 
174 5084.31 -37.5451 16.732 1329.15 9.62573e-08 
175 5109.07 -36.8932 16.3154 1335.94 9.57946e-08 
176 5133.4 -36.2138 15.909 1342.72 9.53366e-08 
177 5157.26 -35.507 15.5128 1349.51 9.48828e-08 
178 5180.67 -34.773 15.127 1356.29 9.44326e-08 
179 5203.61 -34.0118 14.7513 1363.06 9.39851e-08 
180 5226.06 -33.2237 14.3857 1369.83 9.35391e-08 
181 5248.03 -32.4088 14.0299 1376.6 9.30939e-08 
182 5269.5 -31.5672 13.6844 1383.36 9.26498e-08 
183 5290.46 -30.6991 13.3499 1390.12 9.22075e-08 
184 5310.92 -29.8046 13.0268 1396.87 9.17676e-08 
185 5330.86 -28.884 12.7156 1403.61 9.13308e-08 
186 5350.28 -27.9374 12.4169 1410.36 9.08975e-08 
187 5369.18 -26.9651 12.131 1417.09 9.04682e-08 
188 5387.54 -25.9672 11.8584 1423.83 9.00434e-08 
189 5405.36 -24.9441 11.5994 1430.56 8.96232e-08 
190 5422.63 -23.8959 11.3544 1437.28 8.92079e-08 
191 5439.36 -22.8231 11.1236 1444 8.87977e-08 
192 5455.53 -21.7259 10.9073 1450.71 8.83926e-08 
193 5471.14 -20.6045 10.7056 1457.42 8.79925e-08 
194 5486.18 -19.4595 10.5186 1464.12 8.75973e-08 
195 5500.65 -18.291 10.3464 1470.81 8.72066e-08 
196 5514.54 -17.0996 10.1891 1477.5 8.68201e-08 
197 5527.84 -15.8855 10.0464 1484.19 8.64373e-08 
198 5540.56 -14.6492 9.91826 1490.86 8.60574e-08 
199 5552.68 -13.3912 9.80448 1497.53 8.56797e-08 
200 5564.2 -12.1118 9.70475 1504.19 8.53033e-08 
201 5575.12 -10.8115 9.61884 1510.84 8.49272e-08 
202 5585.43 -9.49082 9.54701 1517.49 8.45519e-08 
203 5595.12 -8.15016 9.48965 1524.12 8.41778e-08 
204 5604.21 -6.78999 9.44713 1530.75 8.38054e-08 
205 5612.67 -5.41082 9.41978 1537.36 8.34351e-08 
206 5620.52 -4.01313 9.40794 1543.98 8.30675e-08 
207 5627.74 -2.59744 9.41189 1550.58 8.27029e-08 
208 5634.35 -1.16427 9.43189 1557.17 8.23417e-08 
209 5640.32 0.285847 9.46819 1563.76 8.19843e-08 
210 5645.67 1.75236 9.52098 1570.34 8.16308e-08 
211 5650.39 3.23472 9.59045 1576.91 8.12816e-08 
212 5654.47 4.73234 9.67674 1583.47 8.09368e-08 
213 5657.93 6.24467 9.77994 1590.03 8.05966e-08 
214 5660.75 7.7711 9.90013 1596.58 8.02611e-08 
215 5662.94 9.31104 10.0373 1603.12 7.99303e-08 
216 5664.49 10.8639 10.1915 1609.65 7.96041e-08 
217 5665.4 12.429 10.3626 1616.18 7.92825e-08 
218 5665.68 14.0058 10.5506 1622.7 7.89653e-08 
219 5665.31 15.5937 10.7552 1629.2 7.86523e-08 
220 5664.31 17.1919 10.9763 1635.7 7.83432e-08 
221 5662.68 18.8 11.2136 1642.19 7.80376e-08 
222 5660.4 20.4171 11.4669 1648.68 7.7735e-08 
223 5657.49 22.0428 11.7357 1655.15 7.74348e-08 
224 5653.93 23.6762 12.0196 1661.61 7.71366e-08 
225 5649.74 25.3169 12.3181 1668.07 7.68394e-08 
226 5644.92 26.964 12.6309 1674.51 7.65428e-08 
227 5639.46 28.6169 12.9579 1680.94 7.62468e-08 
228 5633.37 30.2749 13.2992 1687.37 7.59517e-08 
229 5626.65 31.9372 13.6549 1693.78 7.56579e-08 
230 5619.3 33.603 14.025 1700.18 7.53655e-08 
231 5611.32 35.2717 14.4097 1706.57 7.5075e-08 
232 5602.72 36.9425 14.8088 1712.96 7.47865e-08 
233 5593.51 38.6147 15.2225 1719.33 7.45001e-08 
234 5583.67 40.2875 15.6507 1725.69 7.42162e-08 
235 5573.23 41.9601 16.0933 1732.05 7.39349e-08 
236 5562.18 43.6318 16.5503 1738.39 7.36563e-08 
237 5550.52 45.3019 17.0216 1744.73 7.33805e-08 
238 5538.27 46.9695 17.5071 1751.05 7.31076e-08 
239 5525.41 48.6341 18.0066 1757.37 7.28377e-08 
240 5511.97 50.2948 18.52 1763.67 7.25708e-08 
241 5497.94 51.9509 19.047 1769.96 7.23069e-08 
242 5483.33 53.6017 19.5876 1776.25 7.20458e-08 
243 5468.15 55.2464 20.1413 1782.52 7.17876e-08 
244 5452.4 56.8844 20.7079 1788.79 7.15321e-08 
245 5436.08 58.5148 21.287 1795.04 7.12791e-08 
246 5419.2 60.1372 21.8784 1801.28 7.10285e-08 
247 5401.78 61.7506 22.4817 1807.51 7.07799e-08 
248 5383.81 63.3546 23.0964 1813.73 7.05331e-08 
249 5365.31 64.9484 23.722 1819.94 7.02877e-08 
250 5346.27 66.5313 24.3581 1826.14 7.00433e-08 
251 5326.71 68.1027 25.0042 1832.32 6.97996e-08 
252 5306.64 69.6619 25.6601 1838.49 6.95567e-08 
253 5286.06 71.208 26.3256 1844.66 6.93148e-08 
254 5264.97 72.7402 27.0007 1850.8 6.9074e-08 
255 5243.38 74.2577 27.6851 1856.94 6.88344e-08 
256 5221.31 75.7598 28.3788 1863.07 6.85964e-08 
257 5198.75 77.2457 29.0814 1869.18 6.83599e-08 
258 5175.71 78.7146 29.7928 1875.28 6.81252e-08 
259 5152.21 80.1658 30.5128 1881.38 6.78923e-08 
260 5128.25 81.5985 31.2411 1887.45 6.76613e-08 
261 5103.83 83.012 31.9775 1893.52 6.74324e-08 
262 5078.97 84.4055 32.7218 1899.58 6.72054e-08 
263 5053.67 85.7785 33.4736 1905.62 6.69806e-08 
264 5027.94 87.1301 34.2327 1911.66 6.67579e-08 
265 5001.8 88.4598 34.9987 1917.68 6.65373e-08 
266 4975.24 89.7669 35.7713 1923.69 6.63187e-08 
267 4948.29 91.0506 36.5502 1929.69 6.61022e-08 
268 4920.94 92.3105 37.335 1935.67 6.58877e-08 
269 4893.21 93.546 38.1253 1941.65 6.5675e-08 
270 4865.1 94.7564 38.9207 1947.61 6.54641e-08 
271 4836.64 95.9412 39.7208 1953.56 6.52548e-08 
272 4807.82 97.0999 40.5251 1959.49 6.50469e-08 
273 4778.67 98.232 41.3332 1965.42 6.48403e-08 
274 4749.18 99.337 42.1446 1971.33 6.46346e-08 
275 4719.38 100.414 42.9587 1977.23 6.44297e-08 
276 4689.27 101.464 43.7751 1983.12 6.42252e-08 
277 4658.86 102.485 44.5936 1988.99 6.40213e-08 
278 4628.16 103.477 45.4137 1994.85 6.38181e-08 
279 4597.18 104.439 46.2352 2000.7 6.36156e-08 
280 4565.94 105.371 47.058 2006.54 6.34138e-08 
281 4534.43 106.272 47.8816 2012.36 6.3213e-08 
282 4502.68 107.142 48.7057 2018.17 6.30131e-08 
283 4470.69 107.98 49.5302 2023.97 6.28142e-08 
284 4438.47 108.787 50.3546 2029.75 6.26163e-08 
285 4406.04 109.56 51.1786 2035.52 6.24195e-08 
286 4373.4 110.301 52.002 2041.28 6.22237e-08 
287 4340.57 111.008 52.8244 2047.03 6.2029e-08 
288 4307.55 111.682 53.6455 2052.76 6.18353e-08 
289 4274.37 112.321 54.4649 2058.48 6.16426e-08 
290 4241.02 112.927 55.2824 2064.19 6.14509e-08 
291 4207.53 113.498 56.0974 2069.88 6.12601e-08 
292 4173.9 114.035 56.9097 2075.56 6.10701e-08 
293 4140.15 114.536 57.7189 2081.23 6.08809e-08 
294 4106.3 115.003 58.5247 2086.88 6.06923e-08 
295 4072.34 115.435 59.3266 2092.52 6.05041e-08 
296 4038.3 115.832 60.1243 2098.15 6.03163e-08 
297 4004.19 116.194 60.9173 2103.76 6.01287e-08 
298 3970.02 116.521 61.7053 2109.36 5.99411e-08 
299 3935.81 116.813 62.4879 2114.94 5.97533e-08 
300 3901.57 117.07 63.2646 2120.51 5.9565e-08 
301 3867.31 117.292 64.035 2126.07 5.93762e-08 
302 3833.04 117.48 64.7989 2131.61 5.91867e-08 
303 3798.78 117.632 65.5559 2137.14 5.89969e-08 
304 3764.52 117.749 66.3058 2142.65 5.88067e-08 
305 3730.27 117.829 67.0484 2148.15 5.86163e-08 
306 3696.05 117.873 67.7832 2153.63 5.84259e-08 
307 3661.86 117.88 68.5101 2159.1 5.82355e-08 
308 3627.71 117.85 69.2288 2164.56 5.80453e-08 
309 3593.61 117.783 69.9391 2170 5.78553e-08 
310 3559.57 117.678 70.6405 2175.43 5.76657e-08 
311 3525.59 117.535 71.333 2180.85 5.74766e-08 
312 3491.68 117.354 72.0161 2186.25 5.72881e-08 
313 3457.85 117.134 72.6898 2191.64 5.71003e-08 
314 3424.12 116.876 73.3536 2197.02 5.69132e-08 
315 3390.48 116.579 74.0073 2202.38 5.6727e-08 
316 3356.94 116.244 74.6508 2207.74 5.65418e-08 
317 3323.52 115.87 75.2837 2213.07 5.63575e-08 
318 3290.22 115.456 75.9058 2218.4 5.61744e-08 
319 3257.05 115.004 76.5168 2223.71 5.59924e-08 
320 3224.03 114.512 77.1166 2229.01 5.58117e-08 
321 3191.15 113.982 77.7048 2234.29 5.56322e-08 
322 3158.42 113.412 78.2813 2239.57 5.54541e-08 
323 3125.86 112.804 78.8459 2244.83 5.52774e-08 
324 3093.48 112.157 79.3982 2250.07 5.51021e-08 
325 3061.28 111.471 79.9382 2255.31 5.49282e-08 
326 3029.26 110.746 80.4655 2260.53 5.47558e-08 
327 2997.45 109.983 80.98 2265.74 5.4585e-08 
328 2965.85 109.183 81.4816 2270.94 5.44157e-08 
329 2934.46 108.344 81.9699 2276.12 5.42479e-08 
330 2903.3 107.468 82.4448 2281.29 5.40816e-08 
331 2872.37 106.555 82.9062 2286.45 5.39168e-08 
332 2841.68 105.605 83.3538 2291.59 5.37535e-08 
333 2811.25 104.619 83.7875 2296.73 5.35917e-08 
334 2781.08 103.597 84.2072 2301.85 5.34312e-08 
335 2751.17 102.539 84.6127 2306.96 5.32722e-08 
336 2721.55 101.447 85.0038 2312.05 5.31145e-08 
337 2692.21 100.321 85.3805 2317.13 5.2958e-08 
338 2663.17 99.1611 85.7425 2322.2 5.28028e-08 
339 2634.43 97.9687 86.0898 2327.26 5.26486e-08 
340 2606.01 96.7441 86.4223 2332.3 5.24954e-08 
341 2577.91 95.4883 86.7399 2337.33 5.23431e-08 
342 2550.14 94.2021 87.0425 2342.35 5.21915e-08 
343 2522.71 92.8864 87.3299 2347.35 5.20406e-08 
344 2495.63 91.5422 87.6022 2352.34 5.18902e-08 
345 2468.91 90.1703 87.8594 2357.32 5.17401e-08 
346 2442.56 88.772 88.1012 2362.28 5.15902e-08 
347 2416.59 87.3482 88.3277 2367.23 5.14403e-08 
348 2391 85.9002 88.539 2372.17 5.12901e-08 
349 2365.81 84.4291 88.7349 2377.09 5.11396e-08 
350 2341.02 82.9363 88.9155 2382 5.09883e-08 
351 2316.65 81.423 89.0807 2386.9 5.08363e-08 
352 2292.69 79.8895 89.2305 2391.78 5.06834e-08 
353 2269.15 78.3363 89.3648 2396.64 5.05298e-08 
354 2246.03 76.7637 89.4834 2401.5 5.03755e-08 
355 2223.34 75.172 89.5862 2406.34 5.02206e-08 
356 2201.08 73.5617 89.6732 2411.16 5.00651e-08 
357 2179.24 71.933 89.7443 2415.98 4.99091e-08 
358 2157.84 70.2866 89.7994 2420.78 4.97527e-08 
359 2136.88 68.6226 89.8384 2425.56 4.95959e-08 
360 2116.35 66.9416 89.8613 2430.34 4.94388e-08 
361 2096.27 65.244 89.868 2435.1 4.92815e-08 
362 2076.62 63.5304 89.8584 2439.84 4.91239e-08 
363 2057.42 61.801 89.8326 2444.58 4.89662e-08 
364 2038.67 60.0565 89.7905 2449.3 4.88084e-08 
365 2020.36 58.2974 89.7321 2454.01 4.86506e-08 
366 2002.5 56.5241 89.6574 2458.71 4.84928e-08 
367 1985.09 54.7373 89.5664 2463.39 4.8335e-08 
368 1968.12 52.9374 89.4591 2468.06 4.81773e-08 
369 1951.61 51.125 89.3354 2472.72 4.80198e-08 
370 1935.56 49.3008 89.1956 2477.36 4.78625e-08 
371 1919.95 47.4653 89.0395 2482 4.77055e-08 
372 1904.8 45.6191 88.8673 2486.62 4.75487e-08 
373 1890.1 43.7629 88.679 2491.23 4.73922e-08 
374 1875.86 41.8974 88.4747 2495.83 4.72361e-08 
375 1862.07 40.0231 88.2544 2500.41 4.70804e-08 
376 1848.73 38.1409 88.0184 2504.98 4.6925e-08 
377 1835.85 36.2513 87.7666 2509.54 4.67701e-08 
378 1823.42 34.3552 87.4992 2514.09 4.66157e-08 
379 1811.44 32.4533 87.2164 2518.63 4.64618e-08 
380 1799.92 30.5462 86.9183 2523.16 4.63084e-08 
381 1788.85 28.6349 86.6051 2527.67 4.61555e-08 
382 1778.22 26.7201 86.2769 2532.17 4.60031e-08 
383 1768.05 24.8027 85.934 2536.66 4.58513e-08 
384 1758.32 22.8834 85.5765 2541.14 4.57001e-08 
385 1749.04 20.9631 85.2046 2545.6 4.55494e-08 
386 1740.2 19.0427 84.8186 2550.06 4.53993e-08 
387 1731.8 17.1232 84.4188 2554.5 4.52497e-08 
388 1723.85 15.2053 84.0054 2558.93 4.51007e-08 
389 1716.33 13.2901 83.5787 2563.35 4.49523e-08 
390 1709.25 11.3785 83.1389 2567.76 4.48044e-08 
391 1702.6 9.4715 82.6865 2572.15 4.46569e-08 
392 1696.38 7.57009 82.2217 2576.54 4.451e-08 
393 1690.59 5.67529 81.7448 2580.91 4.43636e-08 
394 1685.22 3.78815 81.2563 2585.27 4.42176e-08 
395 1680.27 1.90972 80.7565 2589.62 4.40719e-08 
396 1675.74 0.0411117 80.2458 2593.95 4.39267e-08 
397 1671.62 -1.81658 79.7246 2598.28 4.37818e-08 
398 1667.92 -3.66223 79.1934 2602.59 4.36371e-08 
399 1664.62 -5.49466 78.6526 2606.89 4.34927e-08 
400 1661.72 -7.31272 78.1027 2611.18 4.33484e-08 
401 1659.22 -9.1153 77.5441 2615.46 4.32042e-08 
402 1657.11 -10.9017 76.9771 2619.73 4.30602e-08 
403 1655.39 -12.6715 76.4016 2623.98 4.29164e-08 
404 1654.07 -14.4239 75.818 2628.23 4.27728e-08 
405 1653.13 -16.1586 75.2262 2632.46 4.26295e-08 
406 1652.57 -17.8749 74.6265 2636.68 4.24864e-08 
407 1652.39 -19.5724 74.019 2640.89 4.23438e-08 
408 1652.59 -21.2503 73.4039 2645.08 4.22015e-08 
409 1653.16 -22.9083 72.7812 2649.27 4.20596e-08 
410 1654.09 -24.5458 72.1513 2653.44 4.19181e-08 
411 1655.39 -26.1623 71.5142 2657.61 4.17772e-08 
412 1657.05 -27.7572 70.8702 2661.76 4.16367e-08 
413 1659.07 -29.33 70.2194 2665.9 4.14968e-08 
414 1661.44 -30.8803 69.5619 2670.03 4.13575e-08 
415 1664.15 -32.4074 68.8981 2674.15 4.12188e-08 
416 1667.21 -33.911 68.2281 2678.26 4.10807e-08 
417 1670.6 -35.3905 67.552 2682.36 4.09433e-08 
418 1674.32 -36.8455 66.8702 2686.45 4.08065e-08 
419 1678.37 -38.2754 66.1828 2690.53 4.06704e-08 
420 1682.74 -39.6798 65.49 2694.59 4.05351e-08 
421 1687.42 -41.0582 64.7921 2698.65 4.04005e-08 
422 1692.41 -42.4102 64.0893 2702.69 4.02667e-08 
423 1697.71 -43.7353 63.3818 2706.73 4.01336e-08 
424 1703.3 -45.0331 62.6699 2710.75 4.00013e-08 
425 1709.18 -46.3032 61.9538 2714.77 3.98698e-08 
426 1715.34 -47.5451 61.2338 2718.77 3.9739e-08 
427 1721.78 -48.7585 60.5102 2722.76 3.96091e-08 
428 1728.49 -49.9429 59.7832 2726.75 3.948e-08 
429 1735.46 -51.098 59.0531 2730.72 3.93518e-08 
430 1742.69 -52.2233 58.3202 2734.68 3.92243e-08 
431 1750.17 -53.3185 57.5848 2738.64 3.90976e-08 
432 1757.88 -54.3833 56.8471 2742.58 3.89718e-08 
433 1765.83 -55.4173 56.1075 2746.51 3.88467e-08 
434 1774 -56.4202 55.3663 2750.43 3.87224e-08 
435 1782.39 -57.3916 54.6238 2754.35 3.85989e-08 
436 1790.99 -58.3313 53.8803 2758.25 3.84762e-08 
437 1799.78 -59.2389 53.1361 2762.14 3.83542e-08 
438 1808.76 -60.1142 52.3917 2766.02 3.82329e-08 
439 1817.92 -60.957 51.6473 2769.89 3.81123e-08 
440 1827.26 -61.7669 50.9032 2773.75 3.79924e-08 
441 1836.76 -62.5437 50.16 2777.61 3.78731e-08 
442 1846.41 -63.2873 49.4178 2781.45 3.77544e-08 
443 1856.2 -63.9973 48.6771 2785.28 3.76364e-08 
444 1866.12 -64.6737 47.9383 2789.1 3.75188e-08 
445 1876.17 -65.3163 47.2017 2792.91 3.74018e-08 
446 1886.33 -65.9248 46.4679 2796.71 3.72851e-08 
447 1896.59 -66.4992 45.737 2800.51 3.71689e-08 
448 1906.94 -67.0393 45.0097 2804.29 3.70531e-08 
449 1917.37 -67.5451 44.2862 2808.06 3.69375e-08 
450 1927.86 -68.0165 43.5671 2811.82 3.68222e-08 
451 1938.42 -68.4533 42.8527 2815.57 3.6707e-08 
452 1949.03 -68.8554 42.1433 2819.31 3.65921e-08 
453 1959.68 -69.2227 41.439 2823.04 3.64774e-08 
454 1970.39 -69.5552 40.74 2826.76 3.63629e-08 
455 1981.13 -69.8525 40.0465 2830.47 3.62487e-08 
456 1991.91 -70.1148 39.3588 2834.17 3.61348e-08 
457 2002.72 -70.3418 38.6769 2837.86 3.60212e-08 
458 2013.56 -70.5336 38.0011 2841.54 3.59079e-08 
459 2024.42 -70.6901 37.3316 2845.21 3.5795e-08 
460 2035.31 -70.8113 36.6685 2848.88 3.56825e-08 
461 2046.21 -70.8972 36.012 2852.53 3.55704e-08 
462 2057.12 -70.9478 35.3623 2856.17 3.54588e-08 
463 2068.03 -70.9631 34.7196 2859.81 3.53475e-08 
464 2078.95 -70.9433 34.084 2863.43 3.52368e-08 
465 2089.86 -70.8883 33.4557 2867.05 3.51265e-08 
466 2100.76 -70.7984 32.835 2870.65 3.50167e-08 
467 2111.66 -70.6736 32.2219 2874.25 3.49074e-08 
468 2122.53 -70.514 31.6166 2877.84 3.47986e-08 
469 2133.38 -70.3199 31.0194 2881.42 3.46903e-08 
470 2144.2 -70.0914 30.4302 2884.99 3.45827e-08 
471 2154.99 -69.8288 29.8495 2888.55 3.44755e-08 
472 2165.73 -69.5323 29.2772 2892.1 3.4369e-08 
473 2176.44 -69.2021 28.7135 2895.64 3.4263e-08 
474 2187.09 -68.8386 28.1587 2899.18 3.41576e-08 
475 2197.69 -68.442 27.6127 2902.7 3.40528e-08 
476 2208.22 -68.0127 27.0759 2906.22 3.39486e-08 
477 2218.69 -67.551 26.5484 2909.73 3.3845e-08 
478 2229.09 -67.0575 26.0302 2913.23 3.3742e-08 
479 2239.4 -66.5324 25.5215 2916.72 3.36397e-08 
480 2249.64 -65.9762 25.0225 2920.2 3.35379e-08 
481 2259.78 -65.3894 24.5334 2923.68 3.34368e-08 
482 2269.82 -64.7726 24.0541 2927.15 3.33363e-08 
483 2279.76 -64.1262 23.585 2930.6 3.32364e-08 
484 2289.59 -63.4507 23.126 2934.05 3.31371e-08 
485 2299.31 -62.7469 22.6773 2937.5 3.30383e-08 
486 2308.9 -62.0153 22.2391 2940.93 3.29402e-08 
487 2318.36 -61.2566 21.8114 2944.35 3.28427e-08 
488 2327.69 -60.4715 21.3943 2947.77 3.27458e-08 
489 2336.88 -59.6607 20.9881 2951.18 3.26494e-08 
490 2345.91 -58.8249 20.5927 2954.58 3.25536e-08 
491 2354.79 -57.9649 20.2082 2957.97 3.24583e-08 
492 2363.51 -57.0816 19.8348 2961.36 3.23635e-08 
493 2372.05 -56.1758 19.4726 2964.73 3.22692e-08 
494 2380.42 -55.2484 19.1216 2968.1 3.21754e-08 
495 2388.61 -54.3003 18.782 2971.46 3.20821e-08 
496 2396.6 -53.3325 18.4537 2974.81 3.19892e-08 
497 2404.39 -52.346 18.1369 2978.16 3.18968e-08 
498 2411.97 -51.3418 17.8317 2981.49 3.18047e-08 
499 2419.34 -50.321 17.538 2984.82 3.1713e-08 
500 2426.49 -49.2848 17.256 2988.14 3.16216e-08 
501 2433.41 -48.234 16.9857 2991.45 3.15305e-08 
502 2440.1 -47.1692 16.7272 2994.75 3.14397e-08 
503 2446.55 -46.0908 16.4805 2998.05 3.13493e-08 
504 2452.78 -44.9991 16.2457 3001.34 3.12592e-08 
505 2458.77 -43.8944 16.0229 3004.62 3.11694e-08 
506 2464.53 -42.7772 15.812 3007.89 3.10801e-08 
507 2470.06 -41.6478 15.6131 3011.16 3.09911e-08 
508 2475.36 -40.5067 15.4264 3014.41 3.09025e-08 
509 2480.43 -39.3543 15.2517 3017.66 3.08143e-08 
510 2485.26 -38.1909 15.0891 3020.9 3.07265e-08 
511 2489.87 -37.0172 14.9387 3024.14 3.06391e-08 
512 2494.24 -35.8335 14.8003 3027.36 3.05522e-08 
513 2498.38 -34.6403 14.6742 3030.58 3.04657e-08 
514 2502.29 -33.4381 14.5602 3033.8 3.03796e-08 
515 2505.96 -32.2274 14.4583 3037 3.0294e-08 
516 2509.41 -31.0088 14.3686 3040.2 3.02089e-08 
517 2512.62 -29.7828 14.2909 3043.39 3.01242e-08 
518 2515.61 -28.5499 14.2254 3046.57 3.00401e-08 
519 2518.36 -27.3108 14.1719 3049.75 2.99564e-08 
520 2520.88 -26.066 14.1304 3052.92 2.98732e-08 
521 2523.17 -24.8162 14.1008 3056.08 2.97905e-08 
522 2525.24 -23.5619 14.0832 3059.23 2.97082e-08 
523 2527.07 -22.3038 14.0774 3062.38 2.96265e-08 
524 2528.67 -21.0425 14.0834 3065.52 2.95453e-08 
525 2530.05 -19.7788 14.1011 3068.65 2.94646e-08 
526 2531.2 -18.5133 14.1304 3071.78 2.93843e-08 
527 2532.12 -17.2467 14.1712 3074.9 2.93046e-08 
528 2532.81 -15.9798 14.2235 3078.01 2.92253e-08 
529 2533.28 -14.7133 14.2871 3081.12 2.91466e-08 
530 2533.52 -13.448 14.3619 3084.21 2.90683e-08 
531 2533.54 -12.1846 14.4478 3087.31 2.89905e-08 
532 2533.33 -10.924 14.5446 3090.39 2.89132e-08 
533 2532.9 -9.66696 14.6522 3093.47 2.88364e-08 
534 2532.25 -8.41435 14.7705 3096.54 2.876e-08 
535 2531.37 -7.16704 14.8993 3099.6 2.86841e-08 
536 2530.28 -5.92588 15.0384 3102.66 2.86087e-08 
537 2528.96 -4.69179 15.1876 3105.71 2.85336e-08 
538 2527.42 -3.46569 15.3469 3108.76 2.8459e-08 
539 2525.67 -2.24852 15.5159 3111.79 2.83848e-08 
540 2523.7 -1.04123 15.6944 3114.82 2.8311e-08 
541 2521.51 0.155178 15.8823 3117.85 2.82376e-08 
542 2519.11 1.33971 16.0794 3120.87 2.81646e-08 
543 2516.49 2.51134 16.2853 3123.88 2.80919e-08 
544 2513.66 3.66901 16.4998 3126.88 2.80195e-08 
545 2510.62 4.81166 16.7228 3129.88 2.79475e-08 
546 2507.36 5.9382 16.9539 3132.87 2.78757e-08 
547 2503.9 7.04751 17.1928 3135.85 2.78043e-08 
548 2500.23 8.13845 17.4392 3138.82 2.7733e-08 
549 2496.35 9.20986 17.6929 3141.79 2.76621e-08 
550 2492.27 10.2606 17.9536 3144.76 2.75913e-08 
551 2487.98 11.2895 18.2209 3147.71 2.75206e-08 
552 2483.5 12.2962 18.4947 3150.66 2.74502e-08 
553 2478.81 13.2803 18.7751 3153.6 2.738e-08 
554 2473.93 14.2415 19.0618 3156.54 2.73099e-08 
555 2468.86 15.1794 19.3548 3159.47 2.72401e-08 
556 2463.61 16.0939 19.654 3162.39 2.71705e-08 
557 2458.17 16.9844 19.9593 3165.31 2.71011e-08 
558 2452.55 17.8508 20.2706 3168.22 2.70319e-08 
559 2446.75 18.6927 20.5878 3171.12 2.6963e-08 
560 2440.78 19.5098 20.9109 3174.01 2.68943e-08 
561 2434.64 20.3017 21.2396 3176.9 2.68259e-08 
562 2428.34 21.0683 21.5738 3179.79 2.67577e-08 
563 2421.87 21.8091 21.9135 3182.67 2.66898e-08 
564 2415.25 22.5239 22.2585 3185.54 2.66222e-08 
565 2408.47 23.2124 22.6087 3188.4 2.65548e-08 
566 2401.55 23.8743 22.9639 3191.26 2.64877e-08 
567 2394.48 24.5092 23.324 3194.11 2.64208e-08 
568 2387.27 25.117 23.6888 3196.96 2.63543e-08 
569 2379.93 25.6973 24.0582 3199.8 2.6288e-08 
570 2372.45 26.2499 24.432 3202.63 2.62221e-08 
571 2364.85 26.7744 24.8101 3205.46 2.61564e-08 
572 2357.12 27.2707 25.1923 3208.28 2.6091e-08 
573 2349.28 27.7384 25.5784 3211.1 2.60259e-08 
574 2341.32 28.1772 25.9682 3213.91 2.59611e-08 
575 2333.25 28.587 26.3615 3216.71 2.58966e-08 
576 2325.08 28.9674 26.7582 3219.51 2.58323e-08 
577 2316.81 29.3183 27.158 3222.3 2.57684e-08 
578 2308.45 29.6393 27.5608 3225.09 2.57048e-08 
579 2300 29.9302 27.9663 3227.87 2.56414e-08 
580 2291.47 30.1908 28.3743 3230.64 2.55784e-08 
581 2282.86 30.4209 28.7845 3233.41 2.55156e-08 
582 2274.17 30.6201 29.1969 3236.17 2.54531e-08 
583 2265.42 30.7884 29.611 3238.93 2.53909e-08 
584 2256.61 30.9255 30.0267 3241.68 2.5329e-08 
585 2247.74 31.0311 30.4437 3244.42 2.52673e-08 
586 2238.82 31.1052 30.8618 3247.16 2.52059e-08 
587 2229.85 31.1473 31.2807 3249.9 2.51448e-08 
588 2220.84 31.1575 31.7002 3252.62 2.50839e-08 
589 2211.8 31.1354 32.1198 3255.34 2.50233e-08 
590 2202.74 31.081 32.5395 3258.06 2.49629e-08 
591 2193.65 30.9939 32.9588 3260.77 2.49028e-08 
592 2184.54 30.8741 33.3775 3263.48 2.48428e-08 
593 2175.43 30.7214 33.7953 3266.17 2.47831e-08 
594 2166.31 30.5356 34.2119 3268.87 2.47236e-08 
595 2157.19 30.3166 34.6269 3271.55 2.46643e-08 
596 2148.09 30.0642 35.04 3274.24 2.46051e-08 
597 2139 29.7784 35.4508 3276.91 2.45462e-08 
598 2129.93 29.4588 35.8592 3279.58 2.44873e-08 
599 2120.89 29.1055 36.2646 3282.25 2.44287e-08 
600 2111.89 28.7183 36.6667 3284.9 2.43701e-08 
601 2102.93 28.2972 37.0652 3287.56 2.43117e-08 
602 2094.01 27.8422 37.4601 3290.2 2.42534e-08 
603 2085.14 27.3534 37.8511 3292.85 2.41952e-08 
604 2076.32 26.8309 38.2381 3295.48 2.41372e-08 
605 2067.56 26.275 38.6212 3298.11 2.40792e-08 
606 2058.85 25.6858 39.0002 3300.73 2.40215e-08 
607 2050.2 25.0634 39.375 3303.35 2.39638e-08 
608 2041.62 24.4081 39.7455 3305.97 2.39064e-08 
609 2033.1 23.72 40.1117 3308.57 2.38491e-08 
610 2024.65 22.9994 40.4734 3311.18 2.37919e-08 
611 2016.26 22.2465 40.8305 3313.77 2.37349e-08 
612 2007.96 21.4616 41.1829 3316.37 2.36781e-08 
613 1999.73 20.6449 41.5306 3318.95 2.36214e-08 
614 1991.58 19.7966 41.8735 3321.53 2.35649e-08 
615 1983.52 18.9172 42.2114 3324.11 2.35086e-08 
616 1975.54 18.0069 42.5442 3326.68 2.34525e-08 
617 1967.65 17.0661 42.8719 3329.24 2.33965e-08 
618 1959.86 16.095 43.1944 3331.8 2.33407e-08 
619 1952.16 15.0941 43.5115 3334.36 2.32852e-08 
620 1944.56 14.0636 43.8232 3336.91 2.32298e-08 
621 1937.07 13.0042 44.1293 3339.45 2.31746e-08 
622 1929.68 11.916 44.4298 3341.99 2.31195e-08 
623 1922.41 10.7996 44.7245 3344.53 2.30647e-08 
624 1915.24 9.6554 45.0134 3347.05 2.30101e-08 
625 1908.19 8.48388 45.2964 3349.58 2.29556e-08 
626 1901.27 7.28552 45.5733 3352.1 2.29014e-08 
627 1894.46 6.06081 45.844 3354.61 2.28474e-08 
628 1887.79 4.81029 46.1085 3357.12 2.27935e-08 
629 1881.24 3.5345 46.3666 3359.63 2.27398e-08 
630 1874.83 2.23398 46.6182 3362.13 2.26863e-08 
631 1868.56 0.909319 46.8633 3364.62 2.26331e-08 
632 1862.42 -0.438883 47.1017 3367.11 2.258e-08 
633 1856.44 -1.81001 47.3334 3369.59 2.2527e-08 
634 1850.6 -3.20342 47.5581 3372.07 2.24743e-08 
635 1844.92 -4.61845 47.7758 3374.55 2.24218e-08 
636 1839.39 -6.05444 47.9865 3377.02 2.23694e-08 
637 1834.02 -7.51067 48.1899 3379.49 2.23172e-08 
638 1828.81 -8.98642 48.386 3381.95 2.22651e-08 
639 1823.78 -10.481 48.5747 3384.4 2.22133e-08 
640 1818.91 -11.9935 48.7558 3386.85 2.21616e-08 
641 1814.22 -13.5233 48.9293 3389.3 2.211e-08 
642 1809.71 -15.0695 49.0951 3391.74 2.20586e-08 
643 1805.39 -16.6313 49.253 3394.18 2.20074e-08 
644 1801.25 -18.2078 49.4029 3396.61 2.19563e-08 
645 1797.3 -19.7981 49.5447 3399.04 2.19053e-08 
646 1793.55 -21.4015 49.6783 3401.46 2.18545e-08 
647 1790 -23.0168 49.8036 3403.88 2.18038e-08 
648 1786.65 -24.6433 49.9205 3406.29 2.17532e-08 
649 1783.51 -26.2798 50.0289 3408.7 2.17027e-08 
650 1780.58 -27.9255 50.1286 3411.1 2.16522e-08 
651 1777.87 -29.5793 50.2196 3413.5 2.16019e-08 
652 1775.37 -31.2408 50.3018 3415.9 2.15517e-08 
653 1773.09 -32.9095 50.3753 3418.29 2.15016e-08 
654 1771.02 -34.585 50.44 3420.67 2.14515e-08 
655 1769.16 -36.2667 50.496 3423.05 2.14016e-08 
656 1767.52 -37.9542 50.5432 3425.43 2.13518e-08 
657 1766.09 -39.6471 50.5817 3427.8 2.13021e-08 
658 1764.87 -41.3448 50.6115 3430.16 2.12525e-08 
659 1763.86 -43.0467 50.6326 3432.52 2.1203e-08 
660 1763.06 -44.7525 50.645 3434.88 2.11537e-08 
661 1762.46 -46.4615 50.6488 3437.23 2.11044e-08 
662 1762.08 -48.1732 50.644 3439.58 2.10553e-08 
663 1761.89 -49.8871 50.6306 3441.93 2.10064e-08 
664 1761.92 -51.6025 50.6086 3444.27 2.09575e-08 
665 1762.15 -53.319 50.5781 3446.6 2.09088e-08 
666 1762.57 -55.0359 50.5391 3448.93 2.08602e-08 
667 1763.21 -56.7525 50.4917 3451.26 2.08118e-08 
668 1764.04 -58.4684 50.4358 3453.58 2.07635e-08 
669 1765.07 -60.1829 50.3716 3455.89 2.07154e-08 
670 1766.3 -61.8952 50.2991 3458.21 2.06674e-08 
671 1767.72 -63.6049 50.2183 3460.52 2.06195e-08 
672 1769.34 -65.3112 50.1293 3462.82 2.05718e-08 
673 1771.15 -67.0134 50.0322 3465.12 2.05242e-08 
674 1773.16 -68.7109 49.9269 3467.41 2.04768e-08 
675 1775.36 -70.4029 49.8137 3469.71 2.04296e-08 
676 1777.74 -72.0887 49.6925 3471.99 2.03825e-08 
677 1780.32 -73.7677 49.5635 3474.27 2.03355e-08 
678 1783.08 -75.439 49.4266 3476.55 2.02887e-08 
679 1786.03 -77.1019 49.282 3478.83 2.0242e-08 
680 1789.15 -78.7557 49.1298 3481.1 2.01955e-08 
681 1792.47 -80.3995 48.9701 3483.36 2.01492e-08 
682 1795.96 -82.0326 48.8028 3485.62 2.0103e-08 
683 1799.63 -83.6542 48.6282 3487.88 2.00569e-08 
684 1803.47 -85.2634 48.4463 3490.13 2.0011e-08 
685 1807.5 -86.8593 48.2573 3492.38 1.99653e-08 
686 1811.69 -88.4413 48.0612 3494.62 1.99197e-08 
687 1816.06 -90.0083 47.8581 3496.86 1.98742e-08 
688 1820.59 -91.5595 47.6481 3499.1 1.98289e-08 
689 1825.3 -93.0939 47.4315 3501.33 1.97837e-08 
690 1830.17 -94.6108 47.2082 3503.55 1.97387e-08 
691 1835.2 -96.1092 46.9784 3505.78 1.96938e-08 
692 1840.4 -97.588 46.7423 3507.99 1.9649e-08 
693 1845.75 -99.0465 46.4999 3510.21 1.96044e-08 
694 1851.26 -100.484 46.2515 3512.42 1.95599e-08 
695 1856.93 -101.898 45.9971 3514.62 1.95155e-08 
696 1862.76 -103.289 45.7368 3516.82 1.94713e-08 
697 1868.73 -104.656 45.4709 3519.02 1.94272e-08 
698 1874.85 -105.998 45.1996 3521.21 1.93831e-08 
699 1881.12 -107.313 44.9228 3523.4 1.93392e-08 
700 1887.54 -108.6 44.6409 3525.58 1.92954e-08 
701 1894.1 -109.859 44.3539 3527.76 1.92517e-08 
702 1900.79 -111.089 44.062 3529.93 1.92081e-08 
703 1907.62 -112.289 43.7653 3532.1 1.91646e-08 
704 1914.59 -113.461 43.4637 3534.27 1.91212e-08 
705 1921.68 -114.602 43.1575 3536.43 1.90779e-08 
706 1928.9 -115.714 42.8466 3538.58 1.90348e-08 
707 1936.24 -116.795 42.5313 3540.74 1.89917e-08 
708 1943.7 -117.846 42.2115 3542.88 1.89488e-08 
709 1951.27 -118.866 41.8874 3545.03 1.8906e-08 
710 1958.96 -119.855 41.5591 3547.17 1.88633e-08 
711 1966.75 -120.813 41.2267 3549.3 1.88207e-08 
712 1974.64 -121.74 40.8903 3551.44 1.87783e-08 
713 1982.64 -122.635 40.5499 3553.56 1.8736e-08 
714 1990.73 -123.497 40.2058 3555.69 1.86938e-08 
715 1998.91 -124.328 39.858 3557.81 1.86518e-08 
716 2007.18 -125.126 39.5066 3559.92 1.86098e-08 
717 2015.54 -125.892 39.1517 3562.03 1.85681e-08 
718 2023.97 -126.624 38.7936 3564.14 1.85264e-08 
719 2032.48 -127.324 38.4322 3566.24 1.84849e-08 
720 2041.06 -127.99 38.0678 3568.34 1.84435e-08 
721 2049.71 -128.623 37.7004 3570.44 1.84023e-08 
722 2058.42 -129.221 37.3302 3572.53 1.83612e-08 
723 2067.19 -129.786 36.9574 3574.61 1.83203e-08 
724 2076.01 -130.317 36.582 3576.7 1.82794e-08 
725 2084.89 -130.813 36.2042 3578.78 1.82388e-08 
726 2093.8 -131.275 35.8242 3580.85 1.81982e-08 
727 2102.76 -131.702 35.4421 3582.92 1.81578e-08 
728 2111.76 -132.094 35.0581 3584.99 1.81176e-08 
729 2120.78 -132.451 34.6722 3587.06 1.80775e-08 
730 2129.84 -132.773 34.2848 3589.12 1.80375e-08 
731 2138.91 -133.059 33.8959 3591.17 1.79977e-08 
732 2148.01 -133.309 33.5057 3593.23 1.7958e-08 
733 2157.11 -133.524 33.1143 3595.27 1.79184e-08 
734 2166.22 -133.702 32.722 3597.32 1.7879e-08 
735 2175.34 -133.845 32.329 3599.36 1.78398e-08 
736 2184.45 -133.951 31.9353 3601.4 1.78006e-08 
737 2193.55 -134.02 31.5412 3603.43 1.77616e-08 
738 2202.65 -134.053 31.1469 3605.46 1.77227e-08 
739 2211.72 -134.049 30.7525 3607.49 1.7684e-08 
740 2220.77 -134.008 30.3583 3609.51 1.76454e-08 
741 2229.79 -133.93 29.9645 3611.53 1.76069e-08 
742 2238.78 -133.815 29.5712 3613.54 1.75685e-08 
743 2247.73 -133.662 29.1787 3615.56 1.75303e-08 
744 2256.64 -133.472 28.7871 3617.56 1.74922e-08 
745 2265.49 -133.245 28.3967 3619.57 1.74542e-08 
746 2274.29 -132.979 28.0077 3621.57 1.74163e-08 
747 2283.03 -132.676 27.6203 3623.56 1.73785e-08 
748 2291.7 -132.335 27.2348 3625.56 1.73408e-08 
749 2300.3 -131.957 26.8513 3627.55 1.73033e-08 
750 2308.82 -131.54 26.4701 3629.53 1.72658e-08 
751 2317.26 -131.084 26.0915 3631.51 1.72285e-08 
752 2325.61 -130.591 25.7154 3633.49 1.71912e-08 
753 2333.87 -130.061 25.342 3635.47 1.7154e-08 
754 2342.04 -129.492 24.9714 3637.44 1.7117e-08 
755 2350.11 -128.887 24.6035 3639.4 1.708e-08 
756 2358.09 -128.244 24.2385 3641.37 1.70432e-08 
757 2365.97 -127.565 23.8765 3643.33 1.70064e-08 
758 2373.75 -126.849 23.5175 3645.28 1.69698e-08 
759 2381.43 -126.097 23.1616 3647.24 1.69333e-08 
760 2389 -125.309 22.8088 3649.19 1.68969e-08 
761 2396.45 -124.485 22.4593 3651.13 1.68606e-08 
762 2403.8 -123.626 22.1131 3653.07 1.68244e-08 
763 2411.03 -122.732 21.7702 3655.01 1.67884e-08 
764 2418.15 -121.803 21.4308 3656.95 1.67524e-08 
765 2425.14 -120.841 21.095 3658.88 1.67166e-08 
766 2432.02 -119.844 20.7627 3660.81 1.66809e-08 
767 2438.77 -118.814 20.4341 3662.73 1.66453e-08 
768 2445.39 -117.75 20.1092 3664.65 1.66098e-08 
769 2451.88 -116.654 19.7882 3666.57 1.65745e-08 
770 2458.23 -115.526 19.471 3668.49 1.65393e-08 
771 2464.45 -114.366 19.1578 3670.4 1.65042e-08 
772 2470.53 -113.175 18.8487 3672.3 1.64692e-08 
773 2476.47 -111.953 18.5436 3674.21 1.64343e-08 
774 2482.27 -110.7 18.2428 3676.11 1.63996e-08 
775 2487.91 -109.417 17.9463 3678.01 1.6365e-08 
776 2493.41 -108.105 17.6541 3679.9 1.63305e-08 
777 2498.75 -106.765 17.3663 3681.79 1.62962e-08 
778 2503.94 -105.396 17.083 3683.68 1.62619e-08 
779 2508.97 -103.999 16.8044 3685.56 1.62278e-08 
780 2513.84 -102.575 16.5304 3687.44 1.61939e-08 
781 2518.54 -101.125 16.2611 3689.32 1.616e-08 
782 2523.07 -99.6482 15.9967 3691.2 1.61262e-08 
783 2527.43 -98.1465 15.7371 3693.07 1.60926e-08 
784 2531.62 -96.6201 15.4826 3694.94 1.60591e-08 
785 2535.63 -95.0697 15.2331 3696.8 1.60257e-08 
786 2539.45 -93.4959 14.9888 3698.66 1.59925e-08 
787 2543.1 -91.8995 14.7497 3700.52 1.59593e-08 
788 2546.56 -90.2812 14.5159 3702.37 1.59263e-08 
789 2549.83 -88.6416 14.2875 3704.22 1.58934e-08 
790 2552.9 -86.9815 14.0645 3706.07 1.58606e-08 
791 2555.78 -85.3017 13.8472 3707.92 1.58279e-08 
792 2558.46 -83.603 13.6355 3709.76 1.57953e-08 
793 2560.94 -81.8861 13.4295 3711.59 1.57628e-08 
794 2563.21 -80.1519 13.2293 3713.43 1.57304e-08 
795 2565.27 -78.4012 13.035 3715.26 1.56981e-08 
796 2567.12 -76.6349 12.8467 3717.09 1.5666e-08 
797 2568.76 -74.8537 12.6645 3718.91 1.56339e-08 
798 2570.17 -73.0587 12.4884 3720.73 1.56019e-08 
799 2571.36 -71.2507 12.3185 3722.55 1.557e-08 
800 2572.33 -69.4306 12.155 3724.37 1.55383e-08 
801 2573.06 -67.5993 11.9979 3726.18 1.55066e-08 
802 2573.57 -65.7573 11.8472 3727.99 1.54749e-08 
803 2573.85 -63.9051 11.7029 3729.79 1.54434e-08 
804 2573.9 -62.0432 11.565 3731.59 1.5412e-08 
805 2573.73 -60.1721 11.4334 3733.39 1.53806e-08 
806 2573.33 -58.2922 11.3082 3735.18 1.53494e-08 
807 2572.71 -56.4041 11.1894 3736.97 1.53182e-08 
808 2571.86 -54.5083 11.0769 3738.76 1.52872e-08 
809 2570.79 -52.6053 10.9708 3740.55 1.52562e-08 
810 2569.5 -50.6957 10.8709 3742.33 1.52253e-08 
811 2567.99 -48.7799 10.7774 3744.11 1.51945e-08 
812 2566.26 -46.8586 10.6901 3745.88 1.51639e-08 
813 2564.31 -44.9324 10.609 3747.65 1.51333e-08 
814 2562.14 -43.0017 10.5341 3749.42 1.51028e-08 
815 2559.76 -41.0672 10.4655 3751.19 1.50724e-08 
816 2557.16 -39.1296 10.403 3752.95 1.50421e-08 
817 2554.35 -37.1893 10.3466 3754.71 1.50119e-08 
818 2551.32 -35.247 10.2964 3756.47 1.49818e-08 
819 2548.08 -33.3034 10.2522 3758.22 1.49518e-08 
820 2544.63 -31.3591 10.214 3759.97 1.49219e-08 
821 2540.97 -29.4147 10.1818 3761.72 1.48921e-08 
822 2537.1 -27.471 10.1556 3763.46 1.48624e-08 
823 2533.03 -25.5285 10.1353 3765.2 1.48328e-08 
824 2528.75 -23.588 10.1208 3766.94 1.48033e-08 
825 2524.26 -21.6501 10.1122 3768.67 1.47739e-08 
826 2519.57 -19.7157 10.1093 3770.4 1.47446e-08 
827 2514.68 -17.7853 10.1122 3772.13 1.47153e-08 
828 2509.59 -15.8598 10.1208 3773.85 1.46862e-08 
829 2504.3 -13.9399 10.135 3775.58 1.46572e-08 
830 2498.81 -12.0262 10.1547 3777.29 1.46282e-08 
831 2493.12 -10.1197 10.18 3779.01 1.45994e-08 
832 2487.24 -8.22111 10.2107 3780.72 1.45706e-08 
833 2481.17 -6.33116 10.2468 3782.43 1.4542e-08 
834 2474.9 -4.45069 10.2882 3784.14 1.45134e-08 
835 2468.44 -2.58052 10.3349 3785.84 1.44849e-08 
836 2461.8 -0.721472 10.3868 3787.54 1.44565e-08 
837 2454.96 1.1256 10.4438 3789.24 1.44282e-08 
838 2447.94 2.95985 10.5059 3790.93 1.43999e-08 
839 2440.74 4.78041 10.573 3792.62 1.43718e-08 
840 2433.35 6.58639 10.6449 3794.31 1.43437e-08 
841 2425.78 8.37691 10.7217 3796 1.43157e-08 
842 2418.03 10.1511 10.8032 3797.68 1.42878e-08 
843 2410.1 11.9079 10.8894 3799.36 1.42599e-08 
844 2402 13.6465 10.9802 3801.03 1.42322e-08 
845 2393.72 15.366 11.0754 3802.7 1.42045e-08 
846 2385.28 17.0653 11.1751 3804.37 1.41768e-08 
847 2376.65 18.7435 11.279 3806.04 1.41493e-08 
848 2367.86 20.3997 11.3872 3807.7 1.41217e-08 
849 2358.91 22.0327 11.4994 3809.36 1.40943e-08 
850 2349.79 23.6416 11.6157 3811.02 1.40669e-08 
851 2340.5 25.2256 11.7359 3812.67 1.40396e-08 
852 2331.05 26.7841 11.8599 3814.32 1.40123e-08 
853 2321.45 28.317 11.9877 3815.97 1.39851e-08 
854 2311.69 29.824 12.1193 3817.61 1.39579e-08 
855 2301.78 31.305 12.2545 3819.25 1.39308e-08 
856 2291.73 32.7595 12.3933 3820.89 1.39037e-08 
857 2281.52 34.1875 12.5356 3822.52 1.38767e-08 
858 2271.18 35.5886 12.6814 3824.16 1.38498e-08 
859 2260.7 36.9626 12.8305 3825.78 1.38229e-08 
860 2250.08 38.3092 12.983 3827.41 1.37961e-08 
861 2239.33 39.6283 13.1387 3829.03 1.37694e-08 
862 2228.45 40.9196 13.2975 3830.65 1.37427e-08 
863 2217.45 42.1829 13.4595 3832.27 1.37161e-08 
864 2206.32 43.4178 13.6244 3833.88 1.36896e-08 
865 2195.08 44.6243 13.7923 3835.49 1.36631e-08 
866 2183.72 45.802 13.9629 3837.1 1.36367e-08 
867 2172.25 46.9507 14.1364 3838.71 1.36103e-08 
868 2160.68 48.0702 14.3125 3840.31 1.3584e-08 
869 2148.99 49.1602 14.4911 3841.91 1.35578e-08 
870 2137.21 50.2205 14.6722 3843.51 1.35316e-08 
871 2125.34 51.251 14.8557 3845.1 1.35056e-08 
872 2113.37 52.2513 15.0415 3846.69 1.34796e-08 
873 2101.31 53.2212 15.2294 3848.28 1.34536e-08 
874 2089.16 54.1606 15.4195 3849.86 1.34277e-08 
875 2076.93 55.0691 15.6115 3851.44 1.34019e-08 
876 2064.63 55.9466 15.8054 3853.02 1.33762e-08 
877 2052.25 56.7928 16.001 3854.6 1.33505e-08 
878 2039.8 57.6076 16.1983 3856.17 1.33249e-08 
879 2027.29 58.3907 16.3972 3857.75 1.32994e-08 
880 2014.72 59.1418 16.5975 3859.31 1.32739e-08 
881 2002.08 59.8609 16.7991 3860.88 1.32485e-08 
882 1989.39 60.5476 17.0019 3862.44 1.32232e-08 
883 1976.66 61.2017 17.2058 3864 1.31979e-08 
884 1963.88 61.8231 17.4107 3865.56 1.31727e-08 
885 1951.05 62.4115 17.6163 3867.12 1.31476e-08 
886 1938.19 62.9667 17.8227 3868.67 1.31225e-08 
887 1925.3 63.4886 18.0297 3870.22 1.30975e-08 
888 1912.38 63.9768 18.2371 3871.76 1.30725e-08 
889 1899.43 64.4313 18.4449 3873.31 1.30477e-08 
890 1886.47 64.8518 18.6528 3874.85 1.30229e-08 
891 1873.49 65.238 18.8607 3876.39 1.29981e-08 
892 1860.5 65.5899 19.0685 3877.92 1.29734e-08 
893 1847.5 65.9072 19.2761 3879.46 1.29488e-08 
894 1834.5 66.1898 19.4833 3880.99 1.29242e-08 
895 1821.51 66.4373 19.69 3882.52 1.28997e-08 
896 1808.52 66.6497 19.896 3884.04 1.28753e-08 
897 1795.54 66.8268 20.1011 3885.56 1.28509e-08 
898 1782.59 66.9683 20.3052 3887.08 1.28266e-08 
899 1769.65 67.0741 20.5082 3888.6 1.28023e-08 
900 1756.74 67.1441 20.7099 3890.12 1.27781e-08 
901 1743.86 67.178 20.91 3891.63 1.27539e-08 
902 1731.01 67.176 21.1087 3893.14 1.27298e-08 
903 1718.2 67.1383 21.3058 3894.65 1.27057e-08 
904 1705.43 67.0652 21.5013 3896.15 1.26817e-08 
905 1692.7 66.9568 21.6951 3897.65 1.26577e-08 
906 1680.01 66.8134 21.8872 3899.15 1.26338e-08 
907 1667.37 66.6352 22.0775 3900.65 1.261e-08 
908 1654.77 66.4225 22.266 3902.14 1.25861e-08 
909 1642.23 66.1754 22.4526 3903.63 1.25624e-08 
910 1629.73 65.8944 22.6373 3905.12 1.25387e-08 
911 1617.29 65.5796 22.8201 3906.61 1.2515e-08 
912 1604.91 65.2313 23.0008 3908.09 1.24914e-08 
913 1592.59 64.8499 23.1795 3909.57 1.24678e-08 
914 1580.33 64.4356 23.3561 3911.05 1.24443e-08 
915 1568.14 63.9887 23.5304 3912.53 1.24208e-08 
916 1556.02 63.5096 23.7026 3914 1.23974e-08 
917 1543.96 62.9986 23.8725 3915.47 1.2374e-08 
918 1531.98 62.456 24.04 3916.94 1.23506e-08 
919 1520.07 61.8822 24.2052 3918.41 1.23273e-08 
920 1508.24 61.2776 24.3679 3919.87 1.2304e-08 
921 1496.49 60.6425 24.5281 3921.33 1.22808e-08 
922 1484.82 59.9774 24.6857 3922.79 1.22576e-08 
923 1473.24 59.2825 24.8407 3924.25 1.22345e-08 
924 1461.75 58.5583 24.9931 3925.7 1.22114e-08 
925 1450.34 57.8053 25.1427 3927.15 1.21883e-08 
926 1439.04 57.0238 25.2896 3928.6 1.21652e-08 
927 1427.82 56.2143 25.4336 3930.05 1.21422e-08 
928 1416.71 55.3773 25.5746 3931.49 1.21192e-08 
929 1405.7 54.5131 25.7128 3932.93 1.20963e-08 
930 1394.79 53.6223 25.8478 3934.37 1.20734e-08 
931 1384 52.7054 25.9798 3935.81 1.20505e-08 
932 1373.31 51.7628 26.1087 3937.24 1.20276e-08 
933 1362.73 50.7951 26.2343 3938.68 1.20047e-08 
934 1352.27 49.8027 26.3566 3940.1 1.19819e-08 
935 1341.93 48.7862 26.4756 3941.53 1.19591e-08 
936 1331.71 47.7461 26.5912 3942.96 1.19363e-08 
937 1321.62 46.6831 26.7033 3944.38 1.19135e-08 
938 1311.66 45.5976 26.8119 3945.8 1.18907e-08 
939 1301.82 44.4902 26.9169 3947.21 1.1868e-08 
940 1292.12 43.3615 27.0181 3948.63 1.18452e-08 
941 1282.55 42.2121 27.1157 3950.04 1.18225e-08 
942 1273.13 41.0427 27.2094 3951.45 1.17998e-08 
943 1263.84 39.8538 27.2993 3952.85 1.1777e-08 
944 1254.71 38.6461 27.3852 3954.26 1.17543e-08 
945 1245.72 37.4202 27.4671 3955.66 1.17315e-08 
946 1236.88 36.1768 27.5449 3957.06 1.17088e-08 
947 1228.2 34.9167 27.6185 3958.46 1.1686e-08 
948 1219.67 33.6404 27.6879 3959.85 1.16633e-08 
949 1211.31 32.3486 27.753 3961.24 1.16405e-08 
950 1203.11 31.0422 27.8138 3962.63 1.16177e-08 
951 1195.08 29.7217 27.87 3964.02 1.15949e-08 
952 1187.21 28.3877 27.9219 3965.4 1.1572e-08 
953 1179.51 27.0404 27.9693 3966.78 1.15492e-08 
954 1171.98 25.6805 28.0122 3968.16 1.15263e-08 
955 1164.61 24.3082 28.0508 3969.54 1.15034e-08 
956 1157.41 22.924 28.085 3970.91 1.14805e-08 
957 1150.38 21.5284 28.1147 3972.29 1.14577e-08 
958 1143.51 20.1219 28.1401 3973.66 1.14348e-08 
959 1136.8 18.7048 28.1612 3975.02 1.14119e-08 
960 1130.26 17.2776 28.1778 3976.39 1.1389e-08 
961 1123.88 15.8409 28.1902 3977.75 1.13661e-08 
962 1117.67 14.3951 28.1982 3979.11 1.13432e-08 
963 1111.62 12.9408 28.2019 3980.46 1.13203e-08 
964 1105.73 11.4783 28.2014 3981.82 1.12975e-08 
965 1100.01 10.0083 28.1966 3983.17 1.12746e-08 
966 1094.44 8.53117 28.1875 3984.52 1.12518e-08 
967 1089.04 7.04755 28.1743 3985.87 1.1229e-08 
968 1083.8 5.55796 28.1568 3987.21 1.12062e-08 
969 1078.72 4.06293 28.1351 3988.56 1.11835e-08 
970 1073.8 2.56302 28.1093 3989.9 1.11608e-08 
971 1069.04 1.0588 28.0794 3991.24 1.11381e-08 
972 1064.43 -0.449155 28.0453 3992.57 1.11154e-08 
973 1059.99 -1.96026 28.0072 3993.91 1.10928e-08 
974 1055.7 -3.47393 27.965 3995.24 1.10702e-08 
975 1051.57 -4.98955 27.9188 3996.57 1.10477e-08 
976 1047.6 -6.50651 27.8686 3997.89 1.10252e-08 
977 1043.78 -8.02419 27.8145 3999.22 1.10027e-08 
978 1040.12 -9.54197 27.7563 4000.54 1.09803e-08 
979 1036.62 -11.0592 27.6943 4001.86 1.0958e-08 
980 1033.27 -12.5752 27.6285 4003.18 1.09357e-08 
981 1030.07 -14.0894 27.5587 4004.49 1.09135e-08 
982 1027.02 -15.601 27.4852 4005.8 1.08913e-08 
983 1024.13 -17.1094 27.4079 4007.11 1.08692e-08 
984 1021.39 -18.6139 27.3269 4008.42 1.08472e-08 
985 1018.81 -20.1137 27.2421 4009.73 1.08253e-08 
986 1016.37 -21.6083 27.1537 4011.03 1.08034e-08 
987 1014.08 -23.0968 27.0617 4012.33 1.07816e-08 
988 1011.94 -24.5786 26.9662 4013.63 1.07599e-08 
989 1009.95 -26.0528 26.867 4014.93 1.07383e-08 
990 1008.11 -27.5188 26.7644 4016.23 1.07167e-08 
991 1006.42 -28.9758 26.6583 4017.52 1.06953e-08 
992 1004.87 -30.4229 26.5489 4018.81 1.06739e-08 
993 1003.46 -31.8595 26.436 4020.1 1.06527e-08 
994 1002.21 -33.2846 26.3199 4021.38 1.06315e-08 
995 1001.09 -34.6976 26.2004 4022.67 1.06104e-08 
996 1000.12 -36.0976 26.0778 4023.95 1.05895e-08 
997 999.295 -37.4838 25.952 4025.23 1.05687e-08 
998 998.609 -38.8553 25.8231 4026.5 1.05479e-08 
999 998.064 -40.2112 25.6911 4027.78 1.05273e-08 
1000 997.659 -41.5508 25.5561 4029.05 1.05068e-08 
1001 997.393 -42.8733 25.4181 4030.32 1.04865e-08 
1002 997.265 -44.1783 25.2772 4031.59 1.04662e-08 
1003 997.271 -45.4656 25.1335 4032.86 1.04461e-08 
1004 997.41 -46.7351 24.9869 4034.12 1.04261e-08 
1005 997.68 -47.9865 24.8376 4035.38 1.04063e-08 
1006 998.078 -49.2196 24.6855 4036.64 1.03865e-08 
1007 998.602 -50.4342 24.5308 4037.9 1.03669e-08 
1008 999.251 -51.6301 24.3735 4039.15 1.03473e-08 
1009 1000.02 -52.8072 24.2136 4040.4 1.03279e-08 
1010 1000.91 -53.9651 24.0512 4041.66 1.03086e-08 
1011 1001.92 -55.1037 23.8864 4042.9 1.02895e-08 
1012 1003.04 -56.2227 23.7191 4044.15 1.02704e-08 
1013 1004.27 -57.3221 23.5495 4045.39 1.02514e-08 
1014 1005.61 -58.4014 23.3777 4046.64 1.02326e-08 
1015 1007.06 -59.4606 23.2036 4047.88 1.02138e-08 
1016 1008.62 -60.4995 23.0274 4049.12 1.01952e-08 
1017 1010.28 -61.5177 22.849 4050.35 1.01767e-08 
1018 1012.04 -62.5151 22.6687 4051.59 1.01582e-08 
1019 1013.89 -63.4915 22.4863 4052.82 1.01399e-08 
1020 1015.84 -64.4467 22.3021 4054.05 1.01217e-08 
1021 1017.89 -65.3804 22.116 4055.27 1.01035e-08 
1022 1020.02 -66.2925 21.9281 4056.5 1.00855e-08 
1023 1022.24 -67.1827 21.7386 4057.72 1.00676e-08 
1024 1024.55 -68.0507 21.5474 4058.95 1.00497e-08 
1025 1026.93 -68.8965 21.3547 4060.17 1.00319e-08 
1026 1029.4 -69.7198 21.1605 4061.38 1.00143e-08 
1027 1031.95 -70.5202 20.9648 4062.6 9.99665e-09 
1028 1034.56 -71.2978 20.7678 4063.81 9.97914e-09 
1029 1037.25 -72.0521 20.5696 4065.03 9.9617e-09 
1030 1040.01 -72.783 20.3702 4066.24 9.94434e-09 
1031 1042.83 -73.4903 20.1696 4067.44 9.92706e-09 
1032 1045.72 -74.1738 19.9681 4068.65 9.90985e-09 
1033 1048.66 -74.8332 19.7656 4069.85 9.89271e-09 
1034 1051.67 -75.4683 19.5622 4071.06 9.87563e-09 
1035 1054.72 -76.0788 19.358 4072.26 9.85862e-09 
1036 1057.83 -76.6647 19.1532 4073.45 9.84167e-09 
1037 1060.99 -77.2256 18.9477 4074.65 9.82479e-09 
1038 1064.19 -77.7613 18.7417 4075.84 9.80795e-09 
1039 1067.44 -78.2716 18.5353 4077.04 9.79117e-09 
1040 1070.72 -78.7562 18.3286 4078.23 9.77444e-09 
1041 1074.04 -79.2151 18.1216 4079.42 9.75776e-09 
1042 1077.39 -79.6478 17.9144 4080.6 9.74112e-09 
1043 1080.78 -80.0542 17.7072 4081.79 9.72452e-09 
1044 1084.19 -80.4341 17.5 4082.97 9.70796e-09 
1045 1087.63 -80.7872 17.2929 4084.15 9.69143e-09 
1046 1091.08 -81.1134 17.0861 4085.33 9.67493e-09 
1047 1094.56 -81.4123 16.8795 4086.51 9.65846e-09 
1048 1098.04 -81.6838 16.6735 4087.68 9.64201e-09 
1049 1101.54 -81.9276 16.4679 4088.86 9.62558e-09 
1050 1105.05 -82.1436 16.263 4090.03 9.60917e-09 
1051 1108.57 -82.3314 16.0588 4091.2 9.59277e-09 
1052 1112.08 -82.4913 15.8553 4092.37 9.57638e-09 
1053 1115.6 -82.6234 15.6527 4093.53 9.56001e-09 
1054 1119.12 -82.7279 15.4509 4094.7 9.54365e-09 
1055 1122.63 -82.805 15.25 4095.86 9.5273e-09 
1056 1126.14 -82.8549 15.0501 4097.02 9.51097e-09 
1057 1129.65 -82.8777 14.8511 4098.18 9.49466e-09 
1058 1133.15 -82.8737 14.653 4099.33 9.47836e-09 
1059 1136.63 -82.8431 14.4561 4100.49 9.46209e-09 
1060 1140.11 -82.7861 14.2601 4101.64 9.44583e-09 
1061 1143.58 -82.7029 14.0653 4102.79 9.42959e-09 
1062 1147.03 -82.5938 13.8717 4103.94 9.41337e-09 
1063 1150.46 -82.4589 13.6792 4105.09 9.39717e-09 
1064 1153.88 -82.2986 13.4879 4106.23 9.38099e-09 
1065 1157.27 -82.113 13.298 4107.38 9.36483e-09 
1066 1160.65 -81.9024 13.1093 4108.52 9.3487e-09 
1067 1164 -81.6672 12.922 4109.66 9.33258e-09 
1068 1167.32 -81.4074 12.736 4110.8 9.3165e-09 
1069 1170.62 -81.1235 12.5515 4111.94 9.30043e-09 
1070 1173.88 -80.8157 12.3685 4113.07 9.2844e-09 
1071 1177.12 -80.4842 12.187 4114.2 9.26839e-09 
1072 1180.32 -80.1295 12.0071 4115.33 9.2524e-09 
1073 1183.49 -79.7516 11.8287 4116.46 9.23644e-09 
1074 1186.61 -79.3511 11.652 4117.59 9.22051e-09 
1075 1189.7 -78.9282 11.477 4118.72 9.20461e-09 
1076 1192.75 -78.4831 11.3038 4119.84 9.18874e-09 
1077 1195.75 -78.0163 11.1323 4120.96 9.17289e-09 
1078 1198.71 -77.528 10.9626 4122.08 9.15708e-09 
1079 1201.62 -77.0186 10.7948 4123.2 9.1413e-09 
1080 1204.48 -76.4885 10.629 4124.32 9.12555e-09 
1081 1207.29 -75.938 10.4651 4125.43 9.10983e-09 
1082 1210.04 -75.3674 10.3032 4126.54 9.09414e-09 
1083 1212.74 -74.7771 10.1433 4127.65 9.07849e-09 
1084 1215.38 -74.1676 9.98563 4128.76 9.06287e-09 
1085 1217.96 -73.5391 9.83007 4129.87 9.04728e-09 
1086 1220.48 -72.8921 9.67672 4130.97 9.03173e-09 
1087 1222.93 -72.2269 9.52562 4132.08 9.01621e-09 
1088 1225.32 -71.5441 9.37683 4133.18 9.00073e-09 
1089 1227.64 -70.8439 9.23039 4134.28 8.98529e-09 
1090 1229.88 -70.1268 9.08636 4135.38 8.96988e-09 
1091 1232.05 -69.3932 8.94479 4136.47 8.95452e-09 
1092 1234.15 -68.6436 8.80572 4137.57 8.93919e-09 
1093 1236.17 -67.8784 8.66922 4138.66 8.92389e-09 
1094 1238.11 -67.0981 8.53532 4139.75 8.90864e-09 
1095 1239.97 -66.303 8.4041 4140.84 8.89343e-09 
1096 1241.74 -65.4937 8.27559 4141.92 8.87825e-09 
1097 1243.42 -64.6707 8.14986 4143.01 8.86312e-09 
1098 1245.02 -63.8345 8.02695 4144.09 8.84802e-09 
1099 1246.52 -62.9854 7.90693 4145.17 8.83297e-09 
1100 1247.93 -62.1241 7.78984 4146.25 8.81796e-09 
1101 1249.25 -61.2509 7.67574 4147.33 8.803e-09 
1102 1250.46 -60.3663 7.56462 4148.4 8.78807e-09 
1103 1251.59 -59.4706 7.45649 4149.48 8.77319e-09 
1104 1252.61 -58.5642 7.35134 4150.55 8.75835e-09 
1105 1253.54 -57.6473 7.24916 4151.62 8.74355e-09 
1106 1254.38 -56.7204 7.14996 4152.69 8.72879e-09 
1107 1255.12 -55.7838 7.05372 4153.75 8.71408e-09 
1108 1255.76 -54.8379 6.96043 4154.82 8.69941e-09 
1109 1256.31 -53.8831 6.8701 4155.88 8.68478e-09 
1110 1256.76 -52.9197 6.78271 4156.94 8.67019e-09 
1111 1257.12 -51.9481 6.69826 4158 8.65565e-09 
1112 1257.39 -50.9688 6.61673 4159.05 8.64115e-09 
1113 1257.56 -49.982 6.53813 4160.11 8.62668e-09 
1114 1257.64 -48.9883 6.46243 4161.16 8.61227e-09 
1115 1257.63 -47.988 6.38964 4162.21 8.59789e-09 
1116 1257.52 -46.9816 6.31974 4163.26 8.58355e-09 
1117 1257.32 -45.9695 6.25272 4164.31 8.56926e-09 
1118 1257.02 -44.952 6.18858 4165.36 8.555e-09 
1119 1256.64 -43.9297 6.12729 4166.4 8.54079e-09 
1120 1256.16 -42.903 6.06885 4167.44 8.52662e-09 
1121 1255.58 -41.8723 6.01325 4168.48 8.51248e-09 
1122 1254.92 -40.8381 5.96048 4169.52 8.49839e-09 
1123 1254.17 -39.8009 5.91051 4170.56 8.48434e-09 
1124 1253.32 -38.7611 5.86334 4171.6 8.47033e-09 
1125 1252.38 -37.7191 5.81896 4172.63 8.45635e-09 
1126 1251.36 -36.6756 5.77735 4173.66 8.44242e-09 
1127 1250.24 -35.6309 5.73849 4174.69 8.42852e-09 
1128 1249.03 -34.5856 5.70237 4175.72 8.41467e-09 
1129 1247.73 -33.5401 5.66897 4176.75 8.40085e-09 
1130 1246.34 -32.495 5.63828 4177.77 8.38706e-09 
1131 1244.87 -31.4508 5.61028 4178.8 8.37332e-09 
1132 1243.3 -30.408 5.58496 4179.82 8.35961e-09 
1133 1241.64 -29.3671 5.56229 4180.84 8.34594e-09 
1134 1239.9 -28.3287 5.54225 4181.86 8.3323e-09 
1135 1238.07 -27.2934 5.52483 4182.88 8.3187e-09 
1136 1236.15 -26.2616 5.51002 4183.89 8.30513e-09 
1137 1234.14 -25.2339 5.49778 4184.91 8.2916e-09 
1138 1232.05 -24.2109 5.48809 4185.92 8.2781e-09 
1139 1229.87 -23.1932 5.48095 4186.93 8.26463e-09 
1140 1227.6 -22.1814 5.47632 4187.94 8.25119e-09 
1141 1225.25 -21.1759 5.47418 4188.95 8.23779e-09 
1142 1222.81 -20.1775 5.47451 4189.96 8.22442e-09 
1143 1220.29 -19.1867 5.47729 4190.96 8.21108e-09 
1144 1217.68 -18.2042 5.48249 4191.97 8.19777e-09 
1145 1214.99 -17.2305 5.4901 4192.97 8.18449e-09 
1146 1212.21 -16.2663 5.50007 4193.97 8.17123e-09 
1147 1209.35 -15.3121 5.5124 4194.97 8.15801e-09 
1148 1206.4 -14.3688 5.52705 4195.96 8.14481e-09 
1149 1203.38 -13.4368 5.54399 4196.96 8.13163e-09 
1150 1200.27 -12.5169 5.5632 4197.95 8.11848e-09 
1151 1197.07 -11.6095 5.58466 4198.95 8.10536e-09 
1152 1193.8 -10.7151 5.60832 4199.94 8.09226e-09 
1153 1190.45 -9.83369 5.63416 4200.93 8.07919e-09 
1154 1187.01 -8.96545 5.66215 4201.91 8.06614e-09 
1155 1183.51 -8.11056 5.69225 4202.9 8.05312e-09 
1156 1179.93 -7.26918 5.72444 4203.89 8.04012e-09 
1157 1176.27 -6.44146 5.75867 4204.87 8.02715e-09 
1158 1172.54 -5.62757 5.79491 4205.85 8.0142e-09 
1159 1168.75 -4.82767 5.83314 4206.83 8.00128e-09 
1160 1164.88 -4.04192 5.8733 4207.81 7.98839e-09 
1161 1160.95 -3.2705 5.91537 4208.79 7.97552e-09 
1162 1156.96 -2.51356 5.9593 4209.76 7.96268e-09 
1163 1152.9 -1.77127 6.00507 4210.74 7.94986e-09 
1164 1148.77 -1.0438 6.05263 4211.71 7.93707e-09 
1165 1144.59 -0.331316 6.10193 4212.68 7.92431e-09 
1166 1140.35 0.366016 6.15296 4213.65 7.91157e-09 
1167 1136.06 1.04803 6.20565 4214.62 7.89886e-09 
1168 1131.71 1.71454 6.25997 4215.59 7.88617e-09 
1169 1127.3 2.3654 6.31588 4216.56 7.87352e-09 
1170 1122.85 3.00042 6.37334 4217.52 7.86089e-09 
1171 1118.34 3.61943 6.4323 4218.48 7.84828e-09 
1172 1113.79 4.22226 6.49272 4219.44 7.83571e-09 
1173 1109.19 4.80875 6.55455 4220.4 7.82316e-09 
1174 1104.54 5.3787 6.61774 4221.36 7.81063e-09 
1175 1099.86 5.93195 6.68226 4222.32 7.79814e-09 
1176 1095.13 6.46832 6.74806 4223.27 7.78567e-09 
1177 1090.37 6.98764 6.81508 4224.23 7.77322e-09 
1178 1085.56 7.48973 6.88327 4225.18 7.76081e-09 
1179 1080.73 7.9744 6.9526 4226.13 7.74842e-09 
1180 1075.85 8.44148 7.023 4227.08 7.73605e-09 
1181 1070.95 8.8908 7.09443 4228.03 7.72372e-09 
1182 1066.02 9.32216 7.16684 4228.98 7.71141e-09 
1183 1061.06 9.73539 7.24017 4229.92 7.69912e-09 
1184 1056.07 10.1303 7.31438 4230.87 7.68686e-09 
1185 1051.07 10.5067 7.3894 4231.81 7.67463e-09 
1186 1046.03 10.8645 7.46518 4232.75 7.66243e-09 
1187 1040.98 11.2033 7.54166 4233.69 7.65025e-09 
1188 1035.92 11.5232 7.6188 4234.63 7.63809e-09 
1189 1030.83 11.8237 7.69653 4235.56 7.62596e-09 
1190 1025.73 12.1049 7.7748 4236.5 7.61386e-09 
1191 1020.62 12.3664 7.85354 4237.43 7.60178e-09 
1192 1015.5 12.6082 7.93271 4238.36 7.58973e-09 
1193 1010.38 12.8299 8.01222 4239.3 7.5777e-09 
1194 1005.25 13.0315 8.09204 4240.22 7.56569e-09 
1195 1000.11 13.2127 8.17209 4241.15 7.55372e-09 
1196 994.971 13.3734 8.2523 4242.08 7.54176e-09 
1197 989.834 13.5133 8.33263 4243 7.52983e-09 
1198 984.699 13.6322 8.413 4243.93 7.51792e-09 
1199 979.57 13.73 8.49335 4244.85 7.50604e-09 
1200 974.447 13.8065 8.5736 4245.77 7.49418e-09 
1201 969.334 13.8614 8.65371 4246.69 7.48234e-09 
1202 964.231 13.895 8.73364 4247.61 7.47052e-09 
1203 959.139 13.9074 8.81337 4248.52 7.45873e-09 
1204 954.061 13.8987 8.89286 4249.44 7.44696e-09 
1205 948.996 13.8691 8.97211 4250.35 7.43521e-09 
1206 943.947 13.8187 9.05107 4251.26 7.42349e-09 
1207 938.914 13.7478 9.12972 4252.17 7.41179e-09 
1208 933.898 13.6565 9.20804 4253.08 7.40011e-09 
1209 928.902 13.545 9.28601 4253.99 7.38846e-09 
1210 923.926 13.4134 9.36359 4254.89 7.37683e-09 
1211 918.971 13.2619 9.44075 4255.8 7.36523e-09 
1212 914.039 13.0908 9.51748 4256.7 7.35364e-09 
1213 909.13 12.9003 9.59374 4257.6 7.34209e-09 
1214 904.247 12.6904 9.6695 4258.5 7.33055e-09 
1215 899.391 12.4615 9.74475 4259.4 7.31904e-09 
1216 894.562 12.2138 9.81943 4260.3 7.30755e-09 
1217 889.763 11.9473 9.89354 4261.19 7.29609e-09 
1218 884.994 11.6625 9.96704 4262.09 7.28465e-09 
1219 880.257 11.3594 10.0399 4262.98 7.27323e-09 
1220 875.553 11.0383 10.1121 4263.87 7.26184e-09 
1221 870.883 10.6995 10.1836 4264.76 7.25047e-09 
1222 866.249 10.3431 10.2543 4265.65 7.23912e-09 
1223 861.652 9.96943 10.3243 4266.53 7.2278e-09 
1224 857.094 9.5787 10.3935 4267.42 7.2165e-09 
1225 852.575 9.17116 10.4619 4268.3 7.20523e-09 
1226 848.098 8.74705 10.5294 4269.19 7.19397e-09 
1227 843.663 8.30664 10.5961 4270.07 7.18275e-09 
1228 839.272 7.85018 10.6618 4270.95 7.17154e-09 
1229 834.926 7.37793 10.7266 4271.83 7.16036e-09 
1230 830.628 6.89016 10.7903 4272.71 7.1492e-09 
1231 826.377 6.38715 10.8531 4273.58 7.13806e-09 
1232 822.176 5.86917 10.9148 4274.46 7.12694e-09 
1233 818.026 5.33651 10.9754 4275.33 7.11585e-09 
1234 813.928 4.78944 11.0349 4276.2 7.10478e-09 
1235 809.885 4.22827 11.0933 4277.07 7.09373e-09 
1236 805.896 3.65329 11.1504 4277.94 7.08271e-09 
1237 801.965 3.0648 11.2063 4278.81 7.0717e-09 
1238 798.092 2.4631 11.261 4279.67 7.06072e-09 
1239 794.278 1.84851 11.3143 4280.54 7.04976e-09 
1240 790.526 1.22133 11.3663 4281.4 7.03882e-09 
1241 786.836 0.581907 11.417 4282.26 7.0279e-09 
1242 783.21 -0.0694537 11.4662 4283.12 7.01701e-09 
1243 779.651 -0.732416 11.514 4283.98 7.00613e-09 
1244 776.158 -1.40664 11.5603 4284.84 6.99527e-09 
1245 772.734 -2.0918 11.605 4285.7 6.98444e-09 
1246 769.381 -2.78753 11.6482 4286.55 6.97362e-09 
1247 766.099 -3.49349 11.6898 4287.4 6.96282e-09 
1248 762.89 -4.20933 11.7298 4288.26 6.95205e-09 
1249 759.757 -4.93468 11.768 4289.11 6.94129e-09 
1250 756.7 -5.66917 11.8046 4289.96 6.93055e-09 
1251 753.72 -6.41246 11.8394 4290.8 6.91983e-09 
1252 750.819 -7.16424 11.8724 4291.65 6.90912e-09 
1253 747.995 -7.92423 11.9036 4292.5 6.89844e-09 
1254 745.248 -8.69215 11.9331 4293.34 6.88778e-09 
1255 742.578 -9.4677 11.9609 4294.18 6.87713e-09 
1256 739.986 -10.2506 11.9869 4295.02 6.8665e-09 
1257 737.47 -11.0405 12.0111 4295.86 6.85589e-09 
1258 735.031 -11.8372 12.0336 4296.7 6.8453e-09 
1259 732.668 -12.6403 12.0543 4297.54 6.83473e-09 
1260 730.382 -13.4495 12.0734 4298.37 6.82418e-09 
1261 728.171 -14.2645 12.0906 4299.21 6.81365e-09 
1262 726.035 -15.085 12.1062 4300.04 6.80314e-09 
1263 723.976 -15.9107 12.12 4300.87 6.79264e-09 
1264 721.991 -16.7412 12.1321 4301.7 6.78217e-09 
1265 720.081 -17.5761 12.1424 4302.53 6.77172e-09 
1266 718.246 -18.4153 12.1511 4303.36 6.76128e-09 
1267 716.485 -19.2582 12.158 4304.18 6.75087e-09 
1268 714.798 -20.1046 12.1633 4305.01 6.74047e-09 
1269 713.185 -20.9541 12.1668 4305.83 6.7301e-09 
1270 711.646 -21.8064 12.1686 4306.65 6.71974e-09 
1271 710.181 -22.6611 12.1688 4307.48 6.70941e-09 
1272 708.788 -23.5178 12.1673 4308.3 6.69909e-09 
1273 707.468 -24.3762 12.164 4309.11 6.68879e-09 
1274 706.221 -25.2359 12.1592 4309.93 6.67852e-09 
1275 705.045 -26.0964 12.1526 4310.75 6.66826e-09 
1276 703.942 -26.9575 12.1444 4311.56 6.65802e-09 
1277 702.911 -27.8188 12.1345 4312.38 6.64781e-09 
1278 701.951 -28.6798 12.123 4313.19 6.63761e-09 
1279 701.062 -29.5402 12.1099 4314 6.62743e-09 
1280 700.244 -30.3995 12.0951 4314.81 6.61727e-09 
1281 699.496 -31.2573 12.0787 4315.62 6.60713e-09 
1282 698.819 -32.1133 12.0607 4316.43 6.59701e-09 
1283 698.212 -32.9669 12.0411 4317.23 6.58691e-09 
1284 697.674 -33.8179 12.0199 4318.04 6.57683e-09 
1285 697.205 -34.6658 11.9971 4318.84 6.56676e-09 
1286 696.806 -35.51 11.9727 4319.64 6.55672e-09 
1287 696.475 -36.3503 11.9467 4320.44 6.5467e-09 
1288 696.212 -37.1861 11.9192 4321.24 6.53669e-09 
1289 696.017 -38.0171 11.8901 4322.04 6.5267e-09 
1290 695.89 -38.8427 11.8595 4322.84 6.51674e-09 
1291 695.831 -39.6625 11.8273 4323.64 6.50679e-09 
1292 695.838 -40.476 11.7936 4324.43 6.49686e-09 
1293 695.912 -41.2828 11.7584 4325.23 6.48694e-09 
1294 696.053 -42.0825 11.7217 4326.02 6.47705e-09 
1295 696.259 -42.8744 11.6835 4326.81 6.46717e-09 
1296 696.531 -43.6582 11.6438 4327.6 6.45732e-09 
1297 696.868 -44.4333 11.6027 4328.39 6.44748e-09 
1298 697.27 -45.1993 11.56 4329.18 6.43765e-09 
1299 697.737 -45.9557 11.516 4329.97 6.42785e-09 
1300 698.267 -46.7019 11.4704 4330.76 6.41806e-09 
1301 698.862 -47.4376 11.4235 4331.54 6.40829e-09 
1302 699.519 -48.1624 11.3752 4332.32 6.39853e-09 
1303 700.237 -48.8764 11.3254 4333.11 6.3888e-09 
1304 701.016 -49.5793 11.2743 4333.89 6.37908e-09 
1305 701.853 -50.2711 11.2219 4334.67 6.36937e-09 
1306 702.749 -50.9515 11.1681 4335.45 6.35969e-09 
1307 703.701 -51.6205 11.1131 4336.23 6.35002e-09 
1308 704.708 -52.2779 11.0567 4337 6.34037e-09 
1309 705.769 -52.9236 10.9992 4337.78 6.33074e-09 
1310 706.883 -53.5575 10.9404 4338.55 6.32112e-09 
1311 708.049 -54.1794 10.8803 4339.33 6.31153e-09 
1312 709.265 -54.7892 10.8191 4340.1 6.30195e-09 
1313 710.53 -55.3867 10.7568 4340.87 6.29239e-09 
1314 711.843 -55.9718 10.6933 4341.64 6.28284e-09 
1315 713.202 -56.5444 10.6287 4342.41 6.27332e-09 
1316 714.607 -57.1043 10.5631 4343.18 6.26381e-09 
1317 716.055 -57.6514 10.4963 4343.95 6.25432e-09 
1318 717.545 -58.1855 10.4286 4344.71 6.24485e-09 
1319 719.077 -58.7065 10.3598 4345.48 6.23539e-09 
1320 720.649 -59.2143 10.2901 4346.24 6.22595e-09 
1321 722.259 -59.7087 10.2195 4347 6.21654e-09 
1322 723.906 -60.1895 10.1479 4347.76 6.20713e-09 
1323 725.589 -60.6567 10.0754 4348.52 6.19775e-09 
1324 727.306 -61.1101 10.0021 4349.28 6.18839e-09 
1325 729.056 -61.5494 9.9279 4350.04 6.17904e-09 
1326 730.838 -61.9747 9.85293 4350.79 6.16971e-09 
1327 732.65 -62.3857 9.77719 4351.55 6.1604e-09 
1328 734.49 -62.7823 9.70071 4352.3 6.1511e-09 
1329 736.358 -63.1643 9.62351 4353.06 6.14183e-09 
1330 738.252 -63.5315 9.54564 4353.81 6.13257e-09 
1331 740.171 -63.884 9.46712 4354.56 6.12333e-09 
1332 742.112 -64.2213 9.38798 4355.31 6.1141e-09 
1333 744.075 -64.5436 9.30825 4356.05 6.1049e-09 
1334 746.058 -64.8504 9.22798 4356.8 6.09571e-09 
1335 748.06 -65.1418 9.14718 4357.55 6.08654e-09 
1336 750.078 -65.4176 9.0659 4358.29 6.07738e-09 
1337 752.113 -65.6776 8.98417 4359.03 6.06825e-09 
1338 754.161 -65.9216 8.90202 4359.78 6.05913e-09 
1339 756.222 -66.1495 8.81949 4360.52 6.05002e-09 
1340 758.295 -66.3611 8.73662 4361.26 6.04094e-09 
1341 760.376 -66.5564 8.65343 4361.99 6.03187e-09 
1342 762.466 -66.735 8.56997 4362.73 6.02281e-09 
1343 764.562 -66.8969 8.48627 4363.47 6.01378e-09 
1344 766.663 -67.0418 8.40237 4364.2 6.00476e-09 
1345 768.768 -67.1697 8.3183 4364.94 5.99576e-09 
1346 770.874 -67.2804 8.23411 4365.67 5.98677e-09 
1347 772.98 -67.3736 8.14983 4366.4 5.9778e-09 
1348 775.085 -67.4493 8.0655 4367.13 5.96884e-09 
1349 777.187 -67.5073 7.98116 4367.86 5.9599e-09 
1350 779.284 -67.5474 7.89685 4368.58 5.95098e-09 
1351 781.375 -67.5694 7.81261 4369.31 5.94207e-09 
1352 783.458 -67.5735 7.72845 4370.03 5.93317e-09 
1353 785.534 -67.5598 7.6444 4370.76 5.9243e-09 
1354 787.6 -67.5284 7.56047 4371.48 5.91543e-09 
1355 789.656 -67.4795 7.47668 4372.2 5.90659e-09 
1356 791.701 -67.4131 7.39305 4372.92 5.89775e-09 
1357 793.734 -67.3294 7.3096 4373.64 5.88894e-09 
1358 795.754 -67.2286 7.22634 4374.35 5.88014e-09 
1359 797.76 -67.1107 7.14329 4375.07 5.87135e-09 
1360 799.75 -66.9759 7.06048 4375.78 5.86259e-09 
1361 801.725 -66.8244 6.97791 4376.5 5.85383e-09 
1362 803.682 -66.6564 6.89562 4377.21 5.8451e-09 
1363 805.621 -66.4718 6.81362 4377.92 5.83638e-09 
1364 807.541 -66.271 6.73193 4378.63 5.82767e-09 
1365 809.441 -66.0541 6.65056 4379.34 5.81898e-09 
1366 811.32 -65.8212 6.56955 4380.05 5.81031e-09 
1367 813.176 -65.5725 6.4889 4380.75 5.80165e-09 
1368 815.009 -65.3082 6.40865 4381.46 5.79301e-09 
1369 816.818 -65.0283 6.3288 4382.16 5.78438e-09 
1370 818.601 -64.7332 6.24939 4382.87 5.77577e-09 
1371 820.358 -64.4229 6.17043 4383.57 5.76718e-09 
1372 822.088 -64.0977 6.09194 4384.27 5.7586e-09 
1373 823.788 -63.7577 6.01395 4384.97 5.75004e-09 
1374 825.459 -63.4031 5.93647 4385.67 5.74149e-09 
1375 827.1 -63.0341 5.85953 4386.36 5.73296e-09 
1376 828.708 -62.6509 5.78315 4387.06 5.72445e-09 
1377 830.283 -62.2537 5.70735 4387.75 5.71595e-09 
1378 831.825 -61.8426 5.63216 4388.45 5.70747e-09 
1379 833.331 -61.4178 5.55759 4389.14 5.699e-09 
1380 834.801 -60.9797 5.48368 4389.83 5.69055e-09 
1381 836.233 -60.5283 5.41043 4390.52 5.68211e-09 
1382 837.627 -60.0638 5.33788 4391.21 5.67369e-09 
1383 838.981 -59.5866 5.26606 4391.9 5.66528e-09 
1384 840.295 -59.0967 5.19497 4392.59 5.65689e-09 
1385 841.566 -58.5945 5.12465 4393.28 5.64852e-09 
1386 842.795 -58.08 5.05512 4393.96 5.64016e-09 
1387 843.979 -57.5537 4.98641 4394.64 5.63181e-09 
1388 845.118 -57.0156 4.91854 4395.33 5.62349e-09 
1389 846.21 -56.466 4.85153 4396.01 5.61517e-09 
1390 847.255 -55.9051 4.78542 4396.69 5.60687e-09 
1391 848.25 -55.3332 4.72021 4397.37 5.59859e-09 
1392 849.196 -54.7505 4.65595 4398.05 5.59032e-09 
1393 850.09 -54.1573 4.59265 4398.73 5.58206e-09 
1394 850.932 -53.5538 4.53035 4399.41 5.57382e-09 
1395 851.72 -52.9402 4.46906 4400.08 5.56559e-09 
1396 852.453 -52.3168 4.40881 4400.76 5.55738e-09 
1397 853.13 -51.6839 4.34964 4401.43 5.54918e-09 
1398 853.75 -51.0417 4.29156 4402.1 5.541e-09 
1399 854.311 -50.3905 4.23461 4402.77 5.53283e-09 
1400 854.812 -49.7305 4.17881 4403.45 5.52467e-09 
1401 855.253 -49.062 4.12418 4404.12 5.51653e-09 
1402 855.633 -48.3852 4.07073 4404.78 5.5084e-09 
1403 855.952 -47.7005 4.01846 4405.45 5.50028e-09 
1404 856.21 -47.0079 3.96737 4406.12 5.49218e-09 
1405 856.408 -46.3078 3.91745 4406.79 5.48409e-09 
1406 856.545 -45.6004 3.86871 4407.45 5.47602e-09 
1407 856.622 -44.886 3.82114 4408.11 5.46796e-09 
1408 856.639 -44.1647 3.77475 4408.78 5.45991e-09 
1409 856.595 -43.4369 3.72953 4409.44 5.45187e-09 
1410 856.492 -42.7029 3.68549 4410.1 5.44385e-09 
1411 856.329 -41.9628 3.64261 4410.76 5.43585e-09 
1412 856.106 -41.2169 3.60091 4411.42 5.42786e-09 
1413 855.824 -40.4655 3.56037 4412.08 5.41988e-09 
1414 855.482 -39.7089 3.521 4412.74 5.41191e-09 
1415 855.081 -38.9474 3.4828 4413.39 5.40396e-09 
1416 854.621 -38.1812 3.44576 4414.05 5.39602e-09 
1417 854.102 -37.4106 3.40988 4414.7 5.3881e-09 
1418 853.524 -36.6358 3.37516 4415.35 5.38019e-09 
1419 852.887 -35.8573 3.3416 4416.01 5.3723e-09 
1420 852.192 -35.0752 3.3092 4416.66 5.36442e-09 
1421 851.438 -34.2899 3.27796 4417.31 5.35655e-09 
1422 850.626 -33.5016 3.24786 4417.96 5.34869e-09 
1423 849.756 -32.7107 3.21891 4418.61 5.34085e-09 
1424 848.828 -31.9174 3.19112 4419.25 5.33303e-09 
1425 847.842 -31.1221 3.16446 4419.9 5.32521e-09 
1426 846.798 -30.3251 3.13895 4420.55 5.31741e-09 
1427 845.697 -29.5266 3.11458 4421.19 5.30963e-09 
1428 844.538 -28.7271 3.09135 4421.83 5.30186e-09 
1429 843.323 -27.9268 3.06925 4422.48 5.2941e-09 
1430 842.05 -27.1261 3.04828 4423.12 5.28635e-09 
1431 840.72 -26.3252 3.02844 4423.76 5.27862e-09 
1432 839.334 -25.5245 3.00972 4424.4 5.2709e-09 
1433 837.891 -24.7244 2.99212 4425.04 5.2632e-09 
1434 836.392 -23.9252 2.97565 4425.67 5.2555e-09 
1435 834.836 -23.1271 2.96028 4426.31 5.24783e-09 
1436 833.225 -22.3307 2.94603 4426.95 5.24016e-09 
1437 831.557 -21.5362 2.93288 4427.58 5.23251e-09 
1438 829.834 -20.7439 2.92084 4428.21 5.22487e-09 
1439 828.056 -19.9543 2.90989 4428.85 5.21724e-09 
1440 826.222 -19.1677 2.90004 4429.48 5.20963e-09 
1441 824.333 -18.3844 2.89128 4430.11 5.20202e-09 
1442 822.389 -17.6049 2.88361 4430.74 5.19444e-09 
1443 820.39 -16.8294 2.87702 4431.37 5.18686e-09 
1444 818.337 -16.0585 2.8715 4431.99 5.17929e-09 
1445 816.229 -15.2923 2.86706 4432.62 5.17174e-09 
1446 814.067 -14.5314 2.86368 4433.25 5.1642e-09 
1447 811.851 -13.7762 2.86137 4433.87 5.15667e-09 
1448 809.582 -13.0269 2.86012 4434.49 5.14916e-09 
1449 807.258 -12.2841 2.85992 4435.12 5.14165e-09 
1450 804.882 -11.548 2.86076 4435.74 5.13416e-09 
1451 802.452 -10.8191 2.86265 4436.36 5.12668e-09 
1452 799.97 -10.0976 2.86557 4436.98 5.11921e-09 
1453 797.437 -9.38343 2.8695 4437.6 5.11175e-09 
1454 794.853 -8.67687 2.87443 4438.21 5.10431e-09 
1455 792.219 -7.97799 2.88035 4438.83 5.09687e-09 
1456 789.537 -7.28691 2.88724 4439.44 5.08945e-09 
1457 786.807 -6.60375 2.89509 4440.06 5.08204e-09 
1458 784.03 -5.92864 2.90388 4440.67 5.07464e-09 
1459 781.207 -5.2617 2.91361 4441.28 5.06725e-09 
1460 778.339 -4.60305 2.92425 4441.9 5.05987e-09 
1461 775.427 -3.95281 2.93578 4442.51 5.05251e-09 
1462 772.472 -3.31111 2.9482 4443.11 5.04515e-09 
1463 769.475 -2.67809 2.96149 4443.72 5.03781e-09 
1464 766.436 -2.05385 2.97563 4444.33 5.03048e-09 
1465 763.358 -1.43854 2.99061 4444.94 5.02317e-09 
1466 760.24 -0.832275 3.0064 4445.54 5.01586e-09 
1467 757.084 -0.23519 3.023 4446.15 5.00856e-09 
1468 753.89 0.352585 3.04038 4446.75 5.00128e-09 
1469 750.66 0.930922 3.05853 4447.35 4.99401e-09 
1470 747.395 1.49969 3.07743 4447.95 4.98675e-09 
1471 744.095 2.05875 3.09707 4448.55 4.9795e-09 
1472 740.762 2.60797 3.11742 4449.15 4.97227e-09 
1473 737.397 3.14723 3.13847 4449.75 4.96504e-09 
1474 734.001 3.67637 3.1602 4450.35 4.95783e-09 
1475 730.574 4.19528 3.18259 4450.94 4.95063e-09 
1476 727.118 4.70381 3.20562 4451.54 4.94344e-09 
1477 723.633 5.20182 3.22928 4452.13 4.93626e-09 
1478 720.122 5.68918 3.25354 4452.73 4.92909e-09 
1479 716.584 6.16574 3.27839 4453.32 4.92194e-09 
1480 713.021 6.63137 3.3038 4453.91 4.91479e-09 
1481 709.434 7.08593 3.32976 4454.5 4.90766e-09 
1482 705.824 7.52927 3.35625 4455.09 4.90054e-09 
1483 702.193 7.96126 3.38324 4455.68 4.89343e-09 
1484 698.54 8.38174 3.41071 4456.26 4.88633e-09 
1485 694.868 8.79058 3.43865 4456.85 4.87924e-09 
1486 691.177 9.18763 3.46703 4457.44 4.87216e-09 
1487 687.468 9.57274 3.49584 4458.02 4.8651e-09 
1488 683.743 9.94577 3.52504 4458.6 4.85804e-09 
1489 680.003 10.3066 3.55462 4459.19 4.851e-09 
1490 676.248 10.655 3.58455 4459.77 4.84396e-09 
1491 672.48 10.9909 3.61482 4460.35 4.83694e-09 
1492 668.701 11.3141 3.6454 4460.93 4.82993e-09 
1493 664.91 11.6245 3.67627 4461.51 4.82293e-09 
1494 661.11 11.9218 3.70741 4462.08 4.81594e-09 
1495 657.301 12.2061 3.73878 4462.66 4.80896e-09 
1496 653.484 12.4771 3.77037 4463.24 4.80199e-09 
1497 649.661 12.7346 3.80216 4463.81 4.79502e-09 
1498 645.834 12.9785 3.83412 4464.38 4.78807e-09 
1499 642.002 13.2087 3.86622 4464.96 4.78113e-09 
1500 638.167 13.4249 3.89844 4465.53 4.7742e-09 
1501 634.331 13.6272 3.93076 4466.1 4.76728e-09 
1502 630.494 13.8154 3.96316 4466.67 4.76037e-09 
1503 626.656 13.9897 3.99564 4467.24 4.75347e-09 
1504 622.82 14.1502 4.02817 4467.8 4.74658e-09 
1505 618.985 14.2969 4.06075 4468.37 4.7397e-09 
1506 615.152 14.4299 4.09336 4468.94 4.73282e-09 
1507 611.322 14.5494 4.12599 4469.5 4.72596e-09 
1508 607.496 14.6554 4.15863 4470.07 4.71911e-09 
1509 603.675 14.7479 4.19127 4470.63 4.71227e-09 
1510 599.86 14.8272 4.22388 4471.19 4.70543e-09 
1511 596.05 14.8932 4.25647 4471.75 4.69861e-09 
1512 592.248 14.9461 4.289 4472.31 4.6918e-09 
1513 588.453 14.986 4.32148 4472.87 4.685e-09 
1514 584.668 15.0129 4.35389 4473.43 4.6782e-09 
1515 580.892 15.027 4.38621 4473.99 4.67142e-09 
1516 577.126 15.0284 4.41843 4474.54 4.66465e-09 
1517 573.372 15.0171 4.45053 4475.1 4.65789e-09 
1518 569.629 14.9933 4.4825 4475.65 4.65113e-09 
1519 565.9 14.9571 4.51433 4476.21 4.64439e-09 
1520 562.184 14.9085 4.546 4476.76 4.63766e-09 
1521 558.483 14.8478 4.57749 4477.31 4.63094e-09 
1522 554.797 14.775 4.6088 4477.86 4.62422e-09 
1523 551.127 14.6901 4.63991 4478.41 4.61752e-09 
1524 547.475 14.5935 4.67079 4478.96 4.61083e-09 
1525 543.841 14.4851 4.70144 4479.51 4.60414e-09 
1526 540.226 14.365 4.73184 4480.06 4.59747e-09 
1527 536.63 14.2335 4.76198 4480.6 4.59081e-09 
1528 533.055 14.0905 4.79184 4481.15 4.58415e-09 
1529 529.502 13.9363 4.82139 4481.69 4.57751e-09 
1530 525.971 13.771 4.85064 4482.24 4.57087e-09 
1531 522.463 13.5946 4.87955 4482.78 4.56425e-09 
1532 518.98 13.4074 4.90812 4483.32 4.55763e-09 
1533 515.521 13.2095 4.93633 4483.86 4.55103e-09 
1534 512.089 13.0009 4.96416 4484.4 4.54443e-09 
1535 508.684 12.7819 4.99159 4484.94 4.53785e-09 
1536 505.306 12.5525 5.01861 4485.48 4.53127e-09 
1537 501.957 12.3129 5.0452 4486.02 4.5247e-09 
1538 498.638 12.0633 5.07134 4486.56 4.51814e-09 
1539 495.35 11.8037 5.09702 4487.09 4.5116e-09 
1540 492.093 11.5344 5.12222 4487.63 4.50506e-09 
1541 488.868 11.2555 5.14691 4488.16 4.49853e-09 
1542 485.677 10.9671 5.17109 4488.7 4.49201e-09 
1543 482.52 10.6694 5.19473 4489.23 4.48549e-09 
1544 479.398 10.3625 5.21781 4489.76 4.47899e-09 
1545 476.313 10.0466 5.24033 4490.29 4.4725e-09 
1546 473.265 9.72187 5.26225 4490.82 4.46601e-09 
1547 470.255 9.38844 5.28356 4491.35 4.45954e-09 
1548 467.284 9.04648 5.30424 4491.88 4.45307e-09 
1549 464.353 8.69615 5.32428 4492.41 4.44661e-09 
1550 461.464 8.33762 5.34364 4492.94 4.44016e-09 
1551 458.616 7.97106 5.36233 4493.46 4.43372e-09 
1552 455.81 7.59664 5.38032 4493.99 4.42729e-09 
1553 453.046 7.21455 5.39763 4494.51 4.42086e-09 
1554 450.325 6.82497 5.41425 4495.04 4.41444e-09 
1555 447.645 6.42807 5.43018 4495.56 4.40804e-09 
1556 445.008 6.02405 5.44542 4496.08 4.40164e-09 
1557 442.413 5.6131 5.45997 4496.6 4.39525e-09 
1558 439.86 5.1954 5.47383 4497.12 4.38887e-09 
1559 437.35 4.77115 5.487 4497.64 4.38249e-09 
1560 434.881 4.34054 5.49948 4498.16 4.37613e-09 
1561 432.455 3.90377 5.51127 4498.68 4.36977e-09 
1562 430.072 3.46105 5.52236 4499.2 4.36343e-09 
1563 427.73 3.01257 5.53277 4499.72 4.35709e-09 
1564 425.431 2.55853 5.54248 4500.23 4.35076e-09 
1565 423.175 2.09916 5.5515 4500.75 4.34444e-09 
1566 420.961 1.63464 5.55983 4501.26 4.33813e-09 
1567 418.789 1.1652 5.56747 4501.78 4.33182e-09 
1568 416.66 0.691044 5.57442 4502.29 4.32553e-09 
1569 414.573 0.212395 5.58067 4502.8 4.31924e-09 
1570 412.529 -0.270531 5.58623 4503.31 4.31297e-09 
1571 410.527 -0.757513 5.5911 4503.82 4.3067e-09 
1572 408.568 -1.24833 5.59527 4504.33 4.30044e-09 
1573 406.651 -1.74275 5.59876 4504.84 4.29419e-09 
1574 404.777 -2.24055 5.60155 4505.35 4.28795e-09 
1575 402.946 -2.7415 5.60365 4505.85 4.28171e-09 
1576 401.157 -3.24537 5.60506 4506.36 4.27549e-09 
1577 399.411 -3.75191 5.60578 4506.86 4.26927e-09 
1578 397.707 -4.2609 5.6058 4507.37 4.26306e-09 
1579 396.046 -4.77209 5.60514 4507.87 4.25687e-09 
1580 394.428 -5.28524 5.60379 4508.38 4.25067e-09 
1581 392.852 -5.8001 5.60174 4508.88 4.24449e-09 
1582 391.319 -6.31643 5.59901 4509.38 4.23832e-09 
1583 389.829 -6.83397 5.59559 4509.88 4.23215e-09 
1584 388.382 -7.35248 5.59148 4510.38 4.226e-09 
1585 386.977 -7.87169 5.58668 4510.88 4.21985e-09 
1586 385.615 -8.39135 5.58119 4511.37 4.21371e-09 
1587 384.296 -8.9112 5.57502 4511.87 4.20758e-09 
1588 383.02 -9.43097 5.56816 4512.37 4.20146e-09 
1589 381.786 -9.95041 5.56061 4512.86 4.19534e-09 
1590 380.595 -10.4692 5.55239 4513.36 4.18924e-09 
1591 379.447 -10.9872 5.54347 4513.85 4.18314e-09 
1592 378.342 -11.504 5.53388 4514.34 4.17705e-09 
1593 377.279 -12.0193 5.5236 4514.83 4.17096e-09 
1594 376.259 -12.533 5.51264 4515.33 4.16489e-09 
1595 375.282 -13.0446 5.501 4515.82 4.15882e-09 
1596 374.348 -13.554 5.48868 4516.3 4.15277e-09 
1597 373.457 -14.0608 5.47568 4516.79 4.14672e-09 
1598 372.609 -14.5648 5.462 4517.28 4.14067e-09 
1599 371.803 -15.0656 5.44765 4517.77 4.13464e-09 
1600 371.04 -15.563 5.43262 4518.25 4.12861e-09 
1601 370.32 -16.0566 5.41692 4518.74 4.12259e-09 
1602 369.642 -16.5465 5.40056 4519.22 4.11658e-09 
1603 369.006 -17.0324 5.38353 4519.7 4.11058e-09 
1604 368.411 -17.5142 5.36586 4520.19 4.10458e-09 
1605 367.857 -17.992 5.34755 4520.67 4.09859e-09 
1606 367.342 -18.4655 5.3286 4521.15 4.09261e-09 
1607 366.867 -18.9346 5.30904 4521.63 4.08664e-09 
1608 366.43 -19.3993 5.28886 4522.1 4.08067e-09 
1609 366.032 -19.8595 5.26807 4522.58 4.07471e-09 
1610 365.671 -20.315 5.24669 4523.06 4.06876e-09 
1611 365.347 -20.7658 5.22473 4523.54 4.06282e-09 
1612 365.06 -21.2117 5.20218 4524.01 4.05689e-09 
1613 364.808 -21.6526 5.17907 4524.48 4.05096e-09 
1614 364.592 -22.0885 5.15541 4524.96 4.04504e-09 
1615 364.41 -22.5192 5.13119 4525.43 4.03913e-09 
1616 364.262 -22.9446 5.10644 4525.9 4.03323e-09 
1617 364.147 -23.3646 5.08116 4526.37 4.02733e-09 
1618 364.064 -23.7791 5.05536 4526.84 4.02144e-09 
1619 364.014 -24.1879 5.02906 4527.31 4.01556e-09 
1620 363.995 -24.5911 5.00226 4527.78 4.00969e-09 
1621 364.007 -24.9884 4.97497 4528.25 4.00383e-09 
1622 364.049 -25.3797 4.94721 4528.72 3.99797e-09 
1623 364.121 -25.765 4.91899 4529.18 3.99212e-09 
1624 364.221 -26.144 4.89031 4529.65 3.98628e-09 
1625 364.349 -26.5168 4.86118 4530.11 3.98045e-09 
1626 364.505 -26.8831 4.83163 4530.57 3.97462e-09 
1627 364.688 -27.2429 4.80165 4531.04 3.9688e-09 
1628 364.897 -27.5961 4.77127 4531.5 3.96299e-09 
1629 365.131 -27.9424 4.74049 4531.96 3.95719e-09 
1630 365.39 -28.2819 4.70932 4532.42 3.95139e-09 
1631 365.674 -28.6144 4.67778 4532.88 3.94561e-09 
1632 365.981 -28.9397 4.64588 4533.34 3.93983e-09 
1633 366.31 -29.2577 4.61362 4533.8 3.93405e-09 
1634 366.662 -29.5684 4.58103 4534.25 3.92829e-09 
1635 367.035 -29.8715 4.54812 4534.71 3.92253e-09 
1636 367.429 -30.167 4.51489 4535.17 3.91678e-09 
1637 367.843 -30.4548 4.48136 4535.62 3.91104e-09 
1638 368.277 -30.7346 4.44754 4536.07 3.9053e-09 
1639 368.729 -31.0065 4.41345 4536.53 3.89958e-09 
1640 369.198 -31.2702 4.3791 4536.98 3.89386e-09 
1641 369.686 -31.5256 4.34449 4537.43 3.88814e-09 
1642 370.189 -31.7726 4.30965 4537.88 3.88244e-09 
1643 370.709 -32.0111 4.27459 4538.33 3.87674e-09 
1644 371.243 -32.2409 4.23932 4538.78 3.87105e-09 
1645 371.792 -32.4619 4.20386 4539.23 3.86536e-09 
1646 372.354 -32.6739 4.16821 4539.68 3.85969e-09 
1647 372.929 -32.8769 4.1324 4540.13 3.85402e-09 
1648 373.517 -33.0707 4.09643 4540.57 3.84835e-09 
1649 374.116 -33.2551 4.06033 4541.02 3.8427e-09 
1650 374.725 -33.4301 4.0241 4541.46 3.83705e-09 
1651 375.345 -33.5955 3.98776 4541.91 3.8314e-09 
1652 375.973 -33.7513 3.95131 4542.35 3.82577e-09 
1653 376.611 -33.8975 3.91478 4542.79 3.82014e-09 
1654 377.257 -34.0343 3.87816 4543.24 3.81452e-09 
1655 377.91 -34.1617 3.84146 4543.68 3.8089e-09 
1656 378.57 -34.2796 3.8047 4544.12 3.80329e-09 
1657 379.237 -34.3883 3.76788 4544.56 3.79769e-09 
1658 379.91 -34.4877 3.73101 4545 3.7921e-09 
1659 380.588 -34.5778 3.6941 4545.44 3.78651e-09 
1660 381.271 -34.6588 3.65715 4545.87 3.78093e-09 
1661 381.958 -34.7307 3.62019 4546.31 3.77535e-09 
1662 382.649 -34.7935 3.58321 4546.75 3.76979e-09 
1663 383.342 -34.8472 3.54623 4547.18 3.76423e-09 
1664 384.038 -34.8921 3.50926 4547.62 3.75867e-09 
1665 384.736 -34.9281 3.47231 4548.05 3.75313e-09 
1666 385.435 -34.9552 3.43537 4548.48 3.74759e-09 
1667 386.134 -34.9736 3.39848 4548.92 3.74206e-09 
1668 386.834 -34.9832 3.36163 4549.35 3.73653e-09 
1669 387.533 -34.9842 3.32483 4549.78 3.73101e-09 
1670 388.23 -34.9766 3.2881 4550.21 3.7255e-09 
1671 388.926 -34.9606 3.25145 4550.64 3.71999e-09 
1672 389.619 -34.936 3.21488 4551.07 3.7145e-09 
1673 390.309 -34.9031 3.17841 4551.5 3.709e-09 
1674 390.995 -34.8618 3.14204 4551.92 3.70352e-09 
1675 391.677 -34.8123 3.10579 4552.35 3.69804e-09 
1676 392.354 -34.7546 3.06967 4552.78 3.69257e-09 
1677 393.025 -34.6888 3.03368 4553.2 3.68711e-09 
1678 393.69 -34.615 2.99785 4553.62 3.68165e-09 
1679 394.349 -34.5332 2.96217 4554.05 3.6762e-09 
1680 394.999 -34.4435 2.92666 4554.47 3.67075e-09 
1681 395.641 -34.3459 2.89134 4554.89 3.66532e-09 
1682 396.275 -34.2407 2.8562 4555.32 3.65989e-09 
1683 396.899 -34.1277 2.82127 4555.74 3.65446e-09 
1684 397.512 -34.0072 2.78656 4556.16 3.64905e-09 
1685 398.115 -33.8791 2.75207 4556.58 3.64363e-09 
1686 398.707 -33.7436 2.71782 4556.99 3.63823e-09 
1687 399.286 -33.6008 2.68382 4557.41 3.63283e-09 
1688 399.853 -33.4506 2.65008 4557.83 3.62744e-09 
1689 400.406 -33.2933 2.61661 4558.25 3.62206e-09 
1690 400.945 -33.1289 2.58343 4558.66 3.61668e-09 
1691 401.469 -32.9574 2.55055 4559.08 3.61131e-09 
1692 401.977 -32.7791 2.51797 4559.49 3.60594e-09 
1693 402.469 -32.5938 2.48571 4559.9 3.60058e-09 
1694 402.945 -32.4018 2.45379 4560.32 3.59523e-09 
1695 403.403 -32.2031 2.42222 4560.73 3.58988e-09 
1696 403.842 -31.9979 2.391 4561.14 3.58454e-09 
1697 404.263 -31.7861 2.36015 4561.55 3.5792e-09 
1698 404.664 -31.568 2.32969 4561.96 3.57387e-09 
1699 405.044 -31.3435 2.29962 4562.37 3.56855e-09 
1700 405.404 -31.1128 2.26996 4562.78 3.56324e-09 
1701 405.742 -30.876 2.24072 4563.19 3.55792e-09 
1702 406.058 -30.6333 2.2119 4563.59 3.55262e-09 
1703 406.352 -30.3846 2.18351 4564 3.54732e-09 
1704 406.625 -30.1302 2.15555 4564.4 3.54203e-09 
1705 406.875 -29.8702 2.12801 4564.81 3.53674e-09 
1706 407.104 -29.6048 2.1009 4565.21 3.53146e-09 
1707 407.31 -29.334 2.07422 4565.62 3.52618e-09 
1708 407.494 -29.058 2.04797 4566.02 3.52091e-09 
1709 407.657 -28.7769 2.02215 4566.42 3.51565e-09 
1710 407.797 -28.4909 1.99677 4566.82 3.51039e-09 
1711 407.914 -28.2001 1.97182 4567.22 3.50514e-09 
1712 408.01 -27.9046 1.94731 4567.62 3.4999e-09 
1713 408.083 -27.6046 1.92323 4568.02 3.49466e-09 
1714 408.134 -27.3003 1.8996 4568.42 3.48942e-09 
1715 408.163 -26.9917 1.8764 4568.82 3.48419e-09 
1716 408.169 -26.679 1.85364 4569.21 3.47897e-09 
1717 408.152 -26.3624 1.83132 4569.61 3.47376e-09 
1718 408.114 -26.0421 1.80945 4570 3.46855e-09 
1719 408.052 -25.718 1.78802 4570.4 3.46334e-09 
1720 407.968 -25.3906 1.76704 4570.79 3.45814e-09 
1721 407.861 -25.0597 1.74651 4571.18 3.45295e-09 
1722 407.732 -24.7257 1.72642 4571.58 3.44776e-09 
1723 407.579 -24.3887 1.70678 4571.97 3.44258e-09 
1724 407.404 -24.0489 1.68759 4572.36 3.43741e-09 
1725 407.207 -23.7063 1.66885 4572.75 3.43224e-09 
1726 406.986 -23.3612 1.65056 4573.14 3.42708e-09 
1727 406.742 -23.0137 1.63273 4573.53 3.42192e-09 
1728 406.476 -22.6641 1.61535 4573.91 3.41677e-09 
1729 406.186 -22.3123 1.59842 4574.3 3.41162e-09 
1730 405.873 -21.9587 1.58196 4574.69 3.40648e-09 
1731 405.538 -21.6034 1.56594 4575.07 3.40135e-09 
1732 405.179 -21.2466 1.55039 4575.46 3.39622e-09 
1733 404.796 -20.8884 1.5353 4575.84 3.3911e-09 
1734 404.391 -20.529 1.52067 4576.23 3.38598e-09 
1735 403.963 -20.1686 1.5065 4576.61 3.38087e-09 
1736 403.511 -19.8073 1.49279 4576.99 3.37576e-09 
1737 403.035 -19.4454 1.47954 4577.37 3.37066e-09 
1738 402.537 -19.0831 1.46676 4577.75 3.36557e-09 
1739 402.014 -18.7204 1.45444 4578.13 3.36048e-09 
1740 401.469 -18.3576 1.44259 4578.51 3.35539e-09 
1741 400.9 -17.9949 1.43121 4578.89 3.35031e-09 
1742 400.307 -17.6325 1.4203 4579.27 3.34524e-09 
1743 399.691 -17.2705 1.40985 4579.64 3.34017e-09 
1744 399.051 -16.9092 1.39988 4580.02 3.33511e-09 
1745 398.387 -16.5487 1.39037 4580.39 3.33005e-09 
1746 397.699 -16.1892 1.38134 4580.77 3.325e-09 
1747 396.988 -15.831 1.37278 4581.14 3.31996e-09 
1748 396.253 -15.4741 1.36469 4581.52 3.31491e-09 
1749 395.494 -15.1189 1.35708 4581.89 3.30988e-09 
1750 394.711 -14.7656 1.34994 4582.26 3.30485e-09 
1751 393.904 -14.4142 1.34328 4582.63 3.29982e-09 
1752 393.074 -14.0649 1.33709 4583 3.2948e-09 
1753 392.22 -13.7178 1.33136 4583.37 3.28978e-09 
1754 391.344 -13.373 1.3261 4583.74 3.28477e-09 
1755 390.445 -13.0305 1.32129 4584.1 3.27976e-09 
1756 389.523 -12.6905 1.31693 4584.47 3.27476e-09 
1757 388.58 -12.3529 1.31301 4584.84 3.26976e-09 
1758 387.616 -12.018 1.30954 4585.2 3.26477e-09 
1759 386.63 -11.6857 1.3065 4585.57 3.25979e-09 
1760 385.624 -11.3562 1.30389 4585.93 3.2548e-09 
1761 384.597 -11.0295 1.30171 4586.29 3.24983e-09 
1762 383.55 -10.7057 1.29994 4586.66 3.24486e-09 
1763 382.484 -10.3849 1.29859 4587.02 3.23989e-09 
1764 381.398 -10.0672 1.29764 4587.38 3.23493e-09 
1765 380.294 -9.75271 1.29709 4587.74 3.22997e-09 
1766 379.171 -9.44146 1.29694 4588.1 3.22502e-09 
1767 378.03 -9.13357 1.29718 4588.46 3.22007e-09 
1768 376.871 -8.82912 1.2978 4588.82 3.21513e-09 
1769 375.695 -8.52819 1.2988 4589.17 3.21019e-09 
1770 374.502 -8.23089 1.30016 4589.53 3.20526e-09 
1771 373.292 -7.93729 1.3019 4589.89 3.20034e-09 
1772 372.066 -7.64749 1.30399 4590.24 3.19541e-09 
1773 370.825 -7.36158 1.30644 4590.6 3.1905e-09 
1774 369.568 -7.07965 1.30923 4590.95 3.18558e-09 
1775 368.296 -6.8018 1.31236 4591.3 3.18068e-09 
1776 367.009 -6.52811 1.31582 4591.66 3.17577e-09 
1777 365.708 -6.25869 1.31961 4592.01 3.17088e-09 
1778 364.393 -5.99362 1.32372 4592.36 3.16598e-09 
1779 363.065 -5.73301 1.32814 4592.71 3.16109e-09 
1780 361.724 -5.47694 1.33287 4593.06 3.15621e-09 
1781 360.37 -5.22552 1.3379 4593.41 3.15133e-09 
1782 359.005 -4.97884 1.34322 4593.76 3.14646e-09 
1783 357.627 -4.737 1.34882 4594.1 3.14159e-09 
1784 356.238 -4.5001 1.35471 4594.45 3.13672e-09 
1785 354.838 -4.26824 1.36086 4594.8 3.13186e-09 
1786 353.427 -4.04152 1.36728 4595.14 3.12701e-09 
1787 352.007 -3.82003 1.37395 4595.49 3.12215e-09 
1788 350.576 -3.60389 1.38087 4595.83 3.11731e-09 
1789 349.137 -3.39319 1.38803 4596.18 3.11246e-09 
1790 347.688 -3.18803 1.39543 4596.52 3.10763e-09 
1791 346.232 -2.98852 1.40305 4596.86 3.10279e-09 
1792 344.767 -2.79477 1.41089 4597.2 3.09796e-09 
1793 343.294 -2.60687 1.41894 4597.55 3.09314e-09 
1794 341.815 -2.42494 1.4272 4597.89 3.08832e-09 
1795 340.329 -2.24907 1.43565 4598.23 3.0835e-09 
1796 338.836 -2.07939 1.44428 4598.57 3.07869e-09 
1797 337.338 -1.91599 1.45309 4598.9 3.07388e-09 
1798 335.834 -1.75898 1.46208 4599.24 3.06908e-09 
1799 334.325 -1.60847 1.47122 4599.58 3.06428e-09 
1800 332.812 -1.46458 1.48052 4599.92 3.05948e-09 
1801 331.295 -1.32739 1.48996 4600.25 3.05469e-09 
1802 329.774 -1.19688 1.49955 4600.59 3.0499e-09 
1803 328.25 -1.07304 1.50926 4600.92 3.04512e-09 
1804 326.723 -0.955811 1.51911 4601.26 3.04034e-09 
1805 325.193 -0.845176 1.52908 4601.59 3.03556e-09 
1806 323.662 -0.741095 1.53917 4601.92 3.03079e-09 
1807 322.128 -0.643531 1.54937 4602.25 3.02602e-09 
1808 320.593 -0.55245 1.55968 4602.59 3.02126e-09 
1809 319.058 -0.467814 1.57008 4602.92 3.0165e-09 
1810 317.521 -0.389587 1.58059 4603.25 3.01174e-09 
1811 315.985 -0.31773 1.59118 4603.58 3.00699e-09 
1812 314.448 -0.252205 1.60185 4603.91 3.00225e-09 
1813 312.912 -0.192973 1.6126 4604.24 2.9975e-09 
1814 311.378 -0.139995 1.62342 4604.56 2.99276e-09 
1815 309.844 -0.0932311 1.63431 4604.89 2.98803e-09 
1816 308.313 -0.0526397 1.64526 4605.22 2.9833e-09 
1817 306.783 -0.0181799 1.65626 4605.54 2.97857e-09 
1818 305.257 0.0101901 1.6673 4605.87 2.97385e-09 
1819 303.733 0.0325129 1.67839 4606.2 2.96913e-09 
1820 302.213 0.0488315 1.68951 4606.52 2.96441e-09 
1821 300.696 0.0591896 1.70066 4606.84 2.9597e-09 
1822 299.184 0.0636313 1.71183 4607.17 2.955e-09 
1823 297.677 0.0622017 1.72301 4607.49 2.95029e-09 
1824 296.174 0.0549461 1.73421 4607.81 2.9456e-09 
1825 294.678 0.0419108 1.7454 4608.13 2.9409e-09 
1826 293.187 0.0231423 1.75659 4608.46 2.93621e-09 
1827 291.702 -0.00131199 1.76776 4608.78 2.93153e-09 
1828 290.224 -0.0314041 1.77892 4609.1 2.92685e-09 
1829 288.754 -0.0670855 1.79005 4609.42 2.92217e-09 
1830 287.291 -0.108307 1.80115 4609.73 2.91749e-09 
1831 285.836 -0.155019 1.81221 4610.05 2.91282e-09 
1832 284.39 -0.20717 1.82322 4610.37 2.90816e-09 
1833 282.952 -0.26471 1.83418 4610.69 2.9035e-09 
1834 281.524 -0.327587 1.84508 4611 2.89884e-09 
1835 280.106 -0.395749 1.85591 4611.32 2.89419e-09 
1836 278.697 -0.469142 1.86666 4611.64 2.88954e-09 
1837 277.3 -0.547714 1.87734 4611.95 2.88489e-09 
1838 275.914 -0.631409 1.88792 4612.27 2.88025e-09 
1839 274.539 -0.720172 1.8984 4612.58 2.87561e-09 
1840 273.176 -0.813949 1.90878 4612.89 2.87098e-09 
1841 271.826 -0.912682 1.91905 4613.21 2.86635e-09 
1842 270.489 -1.01632 1.9292 4613.52 2.86173e-09 
1843 269.164 -1.12479 1.93921 4613.83 2.85711e-09 
1844 267.854 -1.23805 1.9491 4614.14 2.85249e-09 
1845 266.558 -1.35604 1.95884 4614.46 2.84787e-09 
1846 265.277 -1.47869 1.96842 4614.77 2.84326e-09 
1847 264.011 -1.60594 1.97785 4615.08 2.83866e-09 
1848 262.76 -1.73774 1.98711 4615.39 2.83406e-09 
1849 261.526 -1.87402 1.9962 4615.7 2.82946e-09 
1850 260.308 -2.01473 2.0051 4616 2.82486e-09 
1851 259.107 -2.15978 2.01381 4616.31 2.82027e-09 
1852 257.923 -2.30911 2.02233 4616.62 2.81568e-09 
1853 256.756 -2.46263 2.03065 4616.93 2.8111e-09 
1854 255.607 -2.62024 2.03878 4617.23 2.80652e-09 
1855 254.474 -2.78186 2.0467 4617.54 2.80195e-09 
1856 253.359 -2.94741 2.05443 4617.85 2.79737e-09 
1857 252.261 -3.11679 2.06195 4618.15 2.7928e-09 
1858 251.181 -3.28992 2.06927 4618.45 2.78824e-09 
1859 250.118 -3.4667 2.07638 4618.76 2.78368e-09 
1860 249.072 -3.64703 2.08329 4619.06 2.77912e-09 
1861 248.044 -3.83083 2.08998 4619.36 2.77456e-09 
1862 247.034 -4.01801 2.09646 4619.67 2.77001e-09 
1863 246.041 -4.20846 2.10273 4619.97 2.76546e-09 
1864 245.066 -4.40209 2.10879 4620.27 2.76092e-09 
1865 244.109 -4.59881 2.11463 4620.57 2.75637e-09 
1866 243.169 -4.79851 2.12024 4620.87 2.75183e-09 
1867 242.248 -5.0011 2.12564 4621.17 2.7473e-09 
1868 241.344 -5.20648 2.13082 4621.46 2.74276e-09 
1869 240.458 -5.41454 2.13577 4621.76 2.73823e-09 
1870 239.59 -5.6252 2.14049 4622.06 2.73371e-09 
1871 238.741 -5.83833 2.14498 4622.35 2.72918e-09 
1872 237.909 -6.05385 2.14925 4622.65 2.72466e-09 
1873 237.096 -6.27165 2.15328 4622.94 2.72014e-09 
1874 236.3 -6.49161 2.15708 4623.24 2.71563e-09 
1875 235.523 -6.71364 2.16064 4623.53 2.71112e-09 
1876 234.765 -6.93762 2.16396 4623.82 2.7066e-09 
1877 234.025 -7.16346 2.16704 4624.11 2.7021e-09 
1878 233.303 -7.39103 2.16988 4624.4 2.69759e-09 
1879 232.599 -7.62024 2.17248 4624.69 2.69309e-09 
1880 231.915 -7.85096 2.17483 4624.98 2.68859e-09 
1881 231.248 -8.08309 2.17693 4625.27 2.68409e-09 
1882 230.601 -8.31651 2.17879 4625.56 2.67959e-09 
1883 229.972 -8.55111 2.18039 4625.84 2.6751e-09 
1884 229.362 -8.78678 2.18173 4626.13 2.67061e-09 
1885 228.77 -9.02339 2.18282 4626.41 2.66612e-09 
1886 228.198 -9.26083 2.18365 4626.69 2.66163e-09 
1887 227.644 -9.49899 2.18423 4626.98 2.65715e-09 
1888 227.11 -9.73774 2.18453 4627.26 2.65266e-09 
1889 226.594 -9.97696 2.18458 4627.54 2.64818e-09 
1890 226.098 -10.2165 2.18436 4627.82 2.6437e-09 
1891 225.62 -10.4563 2.18387 4628.1 2.63922e-09 
1892 225.162 -10.6963 2.18311 4628.37 2.63474e-09 
1893 224.723 -10.9362 2.18207 4628.65 2.63027e-09 
1894 224.303 -11.1759 2.18076 4628.92 2.62579e-09 
1895 223.903 -11.4154 2.17918 4629.2 2.62132e-09 
1896 223.522 -11.6545 2.17731 4629.47 2.61685e-09 
1897 223.16 -11.893 2.17517 4629.74 2.61238e-09 
1898 222.818 -12.1309 2.17274 4630.01 2.60791e-09 
1899 222.496 -12.3681 2.17002 4630.28 2.60344e-09 
1900 222.193 -12.6043 2.16702 4630.55 2.59897e-09 
1901 221.909 -12.8394 2.16373 4630.82 2.59451e-09 
1902 221.645 -13.0735 2.16015 4631.09 2.59004e-09 
1903 221.4 -13.3063 2.15629 4631.35 2.58558e-09 
1904 221.174 -13.5379 2.15216 4631.61 2.58111e-09 
1905 220.966 -13.7681 2.14774 4631.88 2.57665e-09 
1906 220.776 -13.9968 2.14306 4632.14 2.57219e-09 
1907 220.603 -14.2241 2.13811 4632.4 2.56773e-09 
1908 220.448 -14.4497 2.1329 4632.66 2.56328e-09 
1909 220.31 -14.6737 2.12743 4632.92 2.55882e-09 
1910 220.189 -14.8959 2.12171 4633.18 2.55437e-09 
1911 220.084 -15.1163 2.11574 4633.44 2.54992e-09 
1912 219.995 -15.3347 2.10953 4633.69 2.54547e-09 
1913 219.922 -15.5512 2.10307 4633.95 2.54103e-09 
1914 219.863 -15.7655 2.09637 4634.21 2.53659e-09 
1915 219.82 -15.9777 2.08945 4634.46 2.53215e-09 
1916 219.792 -16.1876 2.08229 4634.72 2.52771e-09 
1917 219.777 -16.3952 2.07492 4634.97 2.52328e-09 
1918 219.777 -16.6004 2.06732 4635.22 2.51885e-09 
1919 219.79 -16.803 2.05951 4635.48 2.51443e-09 
1920 219.816 -17.0031 2.05149 4635.73 2.51001e-09 
1921 219.856 -17.2004 2.04327 4635.98 2.50559e-09 
1922 219.907 -17.395 2.03485 4636.24 2.50118e-09 
1923 219.971 -17.5867 2.02623 4636.49 2.49677e-09 
1924 220.046 -17.7754 2.01742 4636.74 2.49236e-09 
1925 220.133 -17.9611 2.00842 4636.99 2.48797e-09 
1926 220.231 -18.1436 1.99925 4637.25 2.48357e-09 
1927 220.34 -18.323 1.98989 4637.5 2.47918e-09 
1928 220.459 -18.499 1.98037 4637.75 2.4748e-09 
1929 220.588 -18.6715 1.97068 4638 2.47042e-09 
1930 220.726 -18.8406 1.96083 4638.25 2.46605e-09 
1931 220.873 -19.006 1.95083 4638.51 2.46168e-09 
1932 221.03 -19.1678 1.94068 4638.76 2.45732e-09 
1933 221.195 -19.3257 1.93038 4639.01 2.45296e-09 
1934 221.367 -19.4798 1.91994 4639.27 2.44861e-09 
1935 221.548 -19.6299 1.90936 4639.52 2.44427e-09 
1936 221.736 -19.7759 1.89866 4639.77 2.43994e-09 
1937 221.931 -19.9177 1.88783 4640.03 2.43561e-09 
1938 222.132 -20.0552 1.87689 4640.28 2.43129e-09 
1939 222.339 -20.1883 1.86583 4640.54 2.42697e-09 
1940 222.552 -20.3169 1.85466 4640.79 2.42267e-09 
1941 222.771 -20.441 1.8434 4641.05 2.41837e-09 
1942 222.994 -20.5603 1.83203 4641.31 2.41407e-09 
1943 223.223 -20.6749 1.82058 4641.56 2.40979e-09 
1944 223.455 -20.7846 1.80904 4641.82 2.40551e-09 
1945 223.691 -20.8893 1.79743 4642.08 2.40125e-09 
1946 223.93 -20.9888 1.78574 4642.34 2.39699e-09 
1947 224.173 -21.0832 1.77398 4642.61 2.39274e-09 
1948 224.418 -21.1722 1.76216 4642.87 2.3885e-09 
1949 224.665 -21.2559 1.75029 4643.13 2.38427e-09 
1950 224.914 -21.334 1.73837 4643.4 2.38004e-09 
1951 225.165 -21.4065 1.72641 4643.66 2.37583e-09 
1952 225.417 -21.4734 1.7144 4643.93 2.37163e-09 
1953 225.67 -21.5349 1.70235 4644.19 2.36743e-09 
1954 225.925 -21.5909 1.69025 4644.46 2.36324e-09 
1955 226.181 -21.6417 1.67811 4644.73 2.35906e-09 
1956 226.438 -21.6873 1.66593 4645 2.35488e-09 
1957 226.696 -21.7277 1.6537 4645.27 2.35071e-09 
1958 226.956 -21.7631 1.64142 4645.54 2.34655e-09 
1959 227.217 -21.7935 1.6291 4645.81 2.34239e-09 
1960 227.479 -21.819 1.61674 4646.08 2.33823e-09 
1961 227.743 -21.8398 1.60433 4646.35 2.33408e-09 
1962 228.007 -21.8558 1.59187 4646.62 2.32993e-09 
1963 228.273 -21.8673 1.57936 4646.88 2.32578e-09 
1964 228.539 -21.8743 1.56681 4647.15 2.32163e-09 
1965 228.807 -21.8768 1.5542 4647.42 2.31748e-09 
1966 229.076 -21.875 1.54155 4647.68 2.31333e-09 
1967 229.346 -21.869 1.52885 4647.95 2.30918e-09 
1968 229.617 -21.8589 1.5161 4648.21 2.30503e-09 
1969 229.889 -21.8447 1.50331 4648.47 2.30087e-09 
1970 230.162 -21.8266 1.49046 4648.73 2.29671e-09 
1971 230.435 -21.8046 1.47756 4648.99 2.29255e-09 
1972 230.71 -21.7789 1.46461 4649.24 2.28838e-09 
1973 230.986 -21.7496 1.45161 4649.5 2.28421e-09 
1974 231.263 -21.7167 1.43856 4649.75 2.28003e-09 
1975 231.54 -21.6804 1.42545 4650 2.27584e-09 
1976 231.818 -21.6407 1.4123 4650.24 2.27165e-09 
1977 232.097 -21.5979 1.39909 4650.48 2.26744e-09 
1978 232.377 -21.5519 1.38583 4650.72 2.26323e-09 
1979 232.658 -21.5028 1.37251 4650.96 2.259e-09 
1980 232.939 -21.4509 1.35914 4651.2 2.25477e-09 
1981 233.221 -21.3962 1.34572 4651.43 2.25052e-09 
1982 233.504 -21.3387 1.33224 4651.65 2.24626e-09 
1983 233.788 -21.2787 1.3187 4651.88 2.24199e-09 
1984 234.072 -21.2162 1.30511 4652.1 2.2377e-09 
1985 234.357 -21.1514 1.29146 4652.31 2.2334e-09 
1986 234.642 -21.0842 1.27776 4652.52 2.22908e-09 
1987 234.928 -21.015 1.264 4652.73 2.22475e-09 
1988 235.215 -20.9437 1.25018 4652.93 2.22039e-09 
1989 235.502 -20.8705 1.2363 4653.13 2.21602e-09 
1990 235.789 -20.7956 1.22237 4653.33 2.21163e-09 
1991 236.077 -20.7189 1.20837 4653.51 2.20722e-09 
1992 236.366 -20.6407 1.19432 4653.7 2.20279e-09 
1993 236.655 -20.561 1.18021 4653.87 2.19833e-09 
1994 236.944 -20.4801 1.16603 4654.05 2.19385e-09 
1995 237.234 -20.3979 1.1518 4654.21 2.18935e-09 
1996 237.524 -20.3147 1.1375 4654.37 2.18483e-09 
1997 237.814 -20.2305 1.12314 4654.53 2.18027e-09 
1998 238.105 -20.1455 1.10872 4654.67 2.1757e-09 
1999 238.396 -20.0598 1.09424 4654.82 2.17109e-09 
2000 238.687 -19.9735 1.0797 4654.95 2.16645e-09 
