2 0.0092402 
3 0.00909435 
4 0.0086099 
5 0.00907832 
6 0.010651 
7 0.0131161 
8 0.0163295 
9 0.020198 
10 0.0246718 
11 0.0296802 
12 0.0351914 
13 0.0411799 
14 0.0476208 
15 0.0544813 
16 0.0617205 
17 0.0693055 
18 0.077205 
19 0.0853864 
20 0.0938156 
21 0.102461 
22 0.111304 
23 0.120338 
24 0.129563 
25 0.138989 
26 0.14863 
27 0.158482 
28 0.168538 
29 0.178788 
30 0.189227 
31 0.199847 
32 0.210645 
33 0.221617 
34 0.232762 
35 0.24408 
36 0.25557 
37 0.267237 
38 0.279083 
39 0.291115 
40 0.30334 
41 0.315763 
42 0.328381 
43 0.341188 
44 0.354173 
45 0.367326 
46 0.380635 
47 0.394086 
48 0.407663 
49 0.421348 
50 0.43512 
51 0.44896 
52 0.462857 
53 0.476802 
54 0.490787 
55 0.504804 
56 0.518844 
57 0.532899 
58 0.546961 
59 0.561021 
60 0.575072 
61 0.589106 
62 0.603123 
63 0.617126 
64 0.631118 
65 0.645105 
66 0.659094 
67 0.673091 
68 0.687107 
69 0.701152 
70 0.715239 
71 0.72938 
72 0.74358 
73 0.757841 
74 0.772166 
75 0.786558 
76 0.80102 
77 0.815557 
78 0.830172 
79 0.844869 
80 0.859652 
81 0.874525 
82 0.889486 
83 0.904532 
84 0.919658 
85 0.93486 
86 0.950133 
87 0.965472 
88 0.980869 
89 0.996319 
90 1.01181 
91 1.02734 
92 1.04291 
93 1.05852 
94 1.07416 
95 1.08985 
96 1.10559 
97 1.12137 
98 1.1372 
99 1.15309 
100 1.16902 
101 1.18502 
102 1.20108 
103 1.2172 
104 1.23338 
105 1.24963 
106 1.26595 
107 1.28234 
108 1.29881 
109 1.31535 
110 1.33198 
111 1.34868 
112 1.36548 
113 1.38236 
114 1.39933 
115 1.4164 
116 1.43357 
117 1.45085 
118 1.46822 
119 1.48571 
120 1.50331 
121 1.52102 
122 1.53886 
123 1.55681 
124 1.57488 
125 1.59307 
126 1.61138 
127 1.62981 
128 1.64836 
129 1.66703 
130 1.68582 
131 1.70473 
132 1.72375 
133 1.7429 
134 1.76217 
135 1.78155 
136 1.80104 
137 1.82065 
138 1.84038 
139 1.86021 
140 1.88016 
141 1.90021 
142 1.92036 
143 1.94062 
144 1.96099 
145 1.98147 
146 2.00204 
147 2.02272 
148 2.04351 
149 2.0644 
150 2.08538 
151 2.10647 
152 2.12765 
153 2.14894 
154 2.17031 
155 2.19179 
156 2.21335 
157 2.235 
158 2.25674 
159 2.27857 
160 2.30048 
161 2.32247 
162 2.34454 
163 2.36669 
164 2.38891 
165 2.41121 
166 2.43358 
167 2.45602 
168 2.47852 
169 2.50109 
170 2.52372 
171 2.54641 
172 2.56916 
173 2.59196 
174 2.61481 
175 2.63771 
176 2.66066 
177 2.68364 
178 2.70666 
179 2.72972 
180 2.7528 
181 2.77592 
182 2.79905 
183 2.8222 
184 2.84537 
185 2.86854 
186 2.89172 
187 2.9149 
188 2.93807 
189 2.96123 
190 2.98438 
191 3.0075 
192 3.0306 
193 3.05367 
194 3.0767 
195 3.09968 
196 3.12261 
197 3.14549 
198 3.1683 
199 3.19105 
200 3.21371 
201 3.23629 
202 3.25879 
203 3.28119 
204 3.3035 
205 3.32571 
206 3.34783 
207 3.36984 
208 3.39174 
209 3.41353 
210 3.43521 
211 3.45677 
212 3.47822 
213 3.49954 
214 3.52073 
215 3.54179 
216 3.56272 
217 3.58351 
218 3.60416 
219 3.62467 
220 3.64503 
221 3.66524 
222 3.68529 
223 3.70519 
224 3.72492 
225 3.74449 
226 3.76389 
227 3.78312 
228 3.80218 
229 3.82105 
230 3.83975 
231 3.85827 
232 3.8766 
233 3.89474 
234 3.91269 
235 3.93045 
236 3.94801 
237 3.96538 
238 3.98254 
239 3.9995 
240 4.01625 
241 4.0328 
242 4.04913 
243 4.06525 
244 4.08115 
245 4.09684 
246 4.1123 
247 4.12754 
248 4.14256 
249 4.15734 
250 4.1719 
251 4.18622 
252 4.20031 
253 4.21416 
254 4.22778 
255 4.24116 
256 4.2543 
257 4.26721 
258 4.27988 
259 4.2923 
260 4.30449 
261 4.31644 
262 4.32816 
263 4.33963 
264 4.35086 
265 4.36185 
266 4.3726 
267 4.38311 
268 4.39338 
269 4.40341 
270 4.41321 
271 4.42276 
272 4.43208 
273 4.44116 
274 4.45 
275 4.45861 
276 4.46698 
277 4.47512 
278 4.48302 
279 4.4907 
280 4.49814 
281 4.50536 
282 4.51235 
283 4.51912 
284 4.52567 
285 4.53199 
286 4.5381 
287 4.54399 
288 4.54966 
289 4.55513 
290 4.56039 
291 4.56544 
292 4.57029 
293 4.57494 
294 4.57939 
295 4.58364 
296 4.58771 
297 4.59159 
298 4.59528 
299 4.59879 
300 4.60213 
301 4.60529 
302 4.60828 
303 4.6111 
304 4.61375 
305 4.61624 
306 4.61857 
307 4.62073 
308 4.62274 
309 4.62459 
310 4.62629 
311 4.62784 
312 4.62924 
313 4.63049 
314 4.63161 
315 4.63258 
316 4.63342 
317 4.63412 
318 4.6347 
319 4.63515 
320 4.63547 
321 4.63568 
322 4.63576 
323 4.63574 
324 4.6356 
325 4.63536 
326 4.63502 
327 4.63457 
328 4.63404 
329 4.63341 
330 4.63269 
331 4.6319 
332 4.63102 
333 4.63007 
334 4.62905 
335 4.62796 
336 4.62682 
337 4.62561 
338 4.62436 
339 4.62306 
340 4.62171 
341 4.62033 
342 4.61892 
343 4.61748 
344 4.61601 
345 4.61453 
346 4.61304 
347 4.61155 
348 4.61005 
349 4.60856 
350 4.60708 
351 4.60561 
352 4.60416 
353 4.60274 
354 4.60133 
355 4.59995 
356 4.5986 
357 4.59728 
358 4.59598 
359 4.59472 
360 4.59349 
361 4.5923 
362 4.59115 
363 4.59004 
364 4.58897 
365 4.58794 
366 4.58696 
367 4.58603 
368 4.58515 
369 4.58432 
370 4.58355 
371 4.58283 
372 4.58217 
373 4.58156 
374 4.58103 
375 4.58055 
376 4.58014 
377 4.5798 
378 4.57953 
379 4.57933 
380 4.5792 
381 4.57915 
382 4.57918 
383 4.57928 
384 4.57947 
385 4.57974 
386 4.58009 
387 4.58053 
388 4.58106 
389 4.58168 
390 4.5824 
391 4.5832 
392 4.58411 
393 4.58511 
394 4.58621 
395 4.58741 
396 4.58872 
397 4.59013 
398 4.59165 
399 4.59328 
400 4.59502 
401 4.59687 
402 4.59884 
403 4.60091 
404 4.6031 
405 4.6054 
406 4.60781 
407 4.61033 
408 4.61297 
409 4.61571 
410 4.61856 
411 4.62152 
412 4.62459 
413 4.62776 
414 4.63104 
415 4.63443 
416 4.63792 
417 4.64151 
418 4.64521 
419 4.64901 
420 4.6529 
421 4.6569 
422 4.661 
423 4.66519 
424 4.66948 
425 4.67386 
426 4.67834 
427 4.6829 
428 4.68756 
429 4.6923 
430 4.69713 
431 4.70205 
432 4.70704 
433 4.71212 
434 4.71728 
435 4.72251 
436 4.72782 
437 4.7332 
438 4.73865 
439 4.74417 
440 4.74976 
441 4.7554 
442 4.76112 
443 4.76688 
444 4.77271 
445 4.77859 
446 4.78452 
447 4.7905 
448 4.79652 
449 4.80259 
450 4.80869 
451 4.81484 
452 4.82101 
453 4.82722 
454 4.83346 
455 4.83974 
456 4.84604 
457 4.85236 
458 4.85871 
459 4.86509 
460 4.87148 
461 4.8779 
462 4.88433 
463 4.89077 
464 4.89723 
465 4.9037 
466 4.91017 
467 4.91666 
468 4.92314 
469 4.92963 
470 4.93612 
471 4.9426 
472 4.94908 
473 4.95555 
474 4.96201 
475 4.96846 
476 4.97489 
477 4.9813 
478 4.98769 
479 4.99406 
480 5.0004 
481 5.00671 
482 5.01299 
483 5.01923 
484 5.02543 
485 5.03159 
486 5.0377 
487 5.04377 
488 5.04979 
489 5.05575 
490 5.06165 
491 5.06749 
492 5.07326 
493 5.07897 
494 5.0846 
495 5.09016 
496 5.09564 
497 5.10104 
498 5.10635 
499 5.11156 
500 5.11669 
501 5.12171 
502 5.12664 
503 5.13147 
504 5.13619 
505 5.14081 
506 5.14534 
507 5.14975 
508 5.15407 
509 5.15827 
510 5.16238 
511 5.16637 
512 5.17026 
513 5.17404 
514 5.17771 
515 5.18127 
516 5.18472 
517 5.18806 
518 5.19129 
519 5.1944 
520 5.1974 
521 5.20028 
522 5.20304 
523 5.20569 
524 5.20823 
525 5.21064 
526 5.21293 
527 5.2151 
528 5.21715 
529 5.21908 
530 5.22089 
531 5.22257 
532 5.22413 
533 5.22556 
534 5.22686 
535 5.22803 
536 5.22908 
537 5.22999 
538 5.23078 
539 5.23143 
540 5.23195 
541 5.23234 
542 5.23259 
543 5.23271 
544 5.23269 
545 5.23253 
546 5.23223 
547 5.2318 
548 5.23122 
549 5.2305 
550 5.22964 
551 5.22863 
552 5.22749 
553 5.2262 
554 5.22477 
555 5.2232 
556 5.22149 
557 5.21964 
558 5.21766 
559 5.21554 
560 5.21328 
561 5.21089 
562 5.20837 
563 5.20572 
564 5.20294 
565 5.20003 
566 5.19699 
567 5.19383 
568 5.19054 
569 5.18713 
570 5.18359 
571 5.17994 
572 5.17616 
573 5.17227 
574 5.16826 
575 5.16414 
576 5.1599 
577 5.15555 
578 5.15109 
579 5.14652 
580 5.14184 
581 5.13706 
582 5.13217 
583 5.12719 
584 5.1221 
585 5.11691 
586 5.11162 
587 5.10624 
588 5.10077 
589 5.0952 
590 5.08955 
591 5.08381 
592 5.07798 
593 5.07206 
594 5.06607 
595 5.05999 
596 5.05384 
597 5.04761 
598 5.04131 
599 5.03494 
600 5.02849 
601 5.02198 
602 5.0154 
603 5.00876 
604 5.00206 
605 4.9953 
606 4.98847 
607 4.98159 
608 4.97466 
609 4.96767 
610 4.96063 
611 4.95354 
612 4.9464 
613 4.93921 
614 4.93199 
615 4.92471 
616 4.9174 
617 4.91005 
618 4.90266 
619 4.89524 
620 4.88778 
621 4.8803 
622 4.87278 
623 4.86524 
624 4.85768 
625 4.85009 
626 4.84248 
627 4.83486 
628 4.82722 
629 4.81956 
630 4.8119 
631 4.80423 
632 4.79655 
633 4.78886 
634 4.78117 
635 4.77349 
636 4.76581 
637 4.75813 
638 4.75046 
639 4.7428 
640 4.73515 
641 4.72752 
642 4.7199 
643 4.71231 
644 4.70474 
645 4.69719 
646 4.68967 
647 4.68219 
648 4.67473 
649 4.66732 
650 4.65994 
651 4.6526 
652 4.6453 
653 4.63805 
654 4.63084 
655 4.62368 
656 4.61656 
657 4.60949 
658 4.60247 
659 4.59549 
660 4.58856 
661 4.58168 
662 4.57485 
663 4.56807 
664 4.56135 
665 4.55467 
666 4.54805 
667 4.54148 
668 4.53497 
669 4.52851 
670 4.52211 
671 4.51577 
672 4.50948 
673 4.50325 
674 4.49708 
675 4.49098 
676 4.48493 
677 4.47894 
678 4.47302 
679 4.46716 
680 4.46136 
681 4.45563 
682 4.44996 
683 4.44436 
684 4.43883 
685 4.43336 
686 4.42797 
687 4.42264 
688 4.41738 
689 4.41219 
690 4.40708 
691 4.40203 
692 4.39706 
693 4.39217 
694 4.38735 
695 4.3826 
696 4.37793 
697 4.37334 
698 4.36882 
699 4.36439 
700 4.36003 
701 4.35575 
702 4.35155 
703 4.34743 
704 4.34339 
705 4.33942 
706 4.33554 
707 4.33173 
708 4.32799 
709 4.32433 
710 4.32074 
711 4.31723 
712 4.31378 
713 4.31041 
714 4.30711 
715 4.30388 
716 4.30072 
717 4.29763 
718 4.29461 
719 4.29165 
720 4.28876 
721 4.28593 
722 4.28316 
723 4.28046 
724 4.27782 
725 4.27525 
726 4.27273 
727 4.27027 
728 4.26787 
729 4.26552 
730 4.26323 
731 4.26099 
732 4.25881 
733 4.25668 
734 4.2546 
735 4.25258 
736 4.2506 
737 4.24866 
738 4.24678 
739 4.24494 
740 4.24314 
741 4.24138 
742 4.23967 
743 4.23799 
744 4.23636 
745 4.23476 
746 4.2332 
747 4.23167 
748 4.23017 
749 4.22871 
750 4.22728 
751 4.22587 
752 4.22449 
753 4.22314 
754 4.22182 
755 4.22051 
756 4.21924 
757 4.21798 
758 4.21674 
759 4.21552 
760 4.21432 
761 4.21314 
762 4.21198 
763 4.21082 
764 4.20968 
765 4.20856 
766 4.20744 
767 4.20633 
768 4.20523 
769 4.20414 
770 4.20305 
771 4.20196 
772 4.20088 
773 4.1998 
774 4.19872 
775 4.19763 
776 4.19655 
777 4.19545 
778 4.19435 
779 4.19324 
780 4.19213 
781 4.191 
782 4.18986 
783 4.1887 
784 4.18753 
785 4.18634 
786 4.18513 
787 4.1839 
788 4.18265 
789 4.18137 
790 4.18007 
791 4.17874 
792 4.17738 
793 4.17599 
794 4.17456 
795 4.1731 
796 4.17161 
797 4.17007 
798 4.1685 
799 4.16688 
800 4.16522 
801 4.16351 
802 4.16176 
803 4.15996 
804 4.15811 
805 4.15621 
806 4.15427 
807 4.15227 
808 4.15023 
809 4.14814 
810 4.146 
811 4.14381 
812 4.14157 
813 4.13927 
814 4.13693 
815 4.13453 
816 4.13208 
817 4.12958 
818 4.12703 
819 4.12442 
820 4.12176 
821 4.11904 
822 4.11627 
823 4.11344 
824 4.11055 
825 4.10761 
826 4.10462 
827 4.10156 
828 4.09845 
829 4.09528 
830 4.09205 
831 4.08876 
832 4.08541 
833 4.082 
834 4.07853 
835 4.075 
836 4.07141 
837 4.06776 
838 4.06404 
839 4.06026 
840 4.05641 
841 4.05251 
842 4.04853 
843 4.04449 
844 4.04039 
845 4.03622 
846 4.03198 
847 4.02767 
848 4.0233 
849 4.01886 
850 4.01435 
851 4.00977 
852 4.00512 
853 4.0004 
854 3.99562 
855 3.99077 
856 3.98585 
857 3.98086 
858 3.97581 
859 3.9707 
860 3.96552 
861 3.96028 
862 3.95498 
863 3.94961 
864 3.94419 
865 3.9387 
866 3.93316 
867 3.92755 
868 3.92189 
869 3.91617 
870 3.9104 
871 3.90456 
872 3.89868 
873 3.89274 
874 3.88674 
875 3.88069 
876 3.8746 
877 3.86845 
878 3.86225 
879 3.856 
880 3.8497 
881 3.84335 
882 3.83696 
883 3.83052 
884 3.82404 
885 3.81751 
886 3.81094 
887 3.80433 
888 3.79768 
889 3.79098 
890 3.78425 
891 3.77747 
892 3.77066 
893 3.76382 
894 3.75693 
895 3.75001 
896 3.74306 
897 3.73608 
898 3.72906 
899 3.72201 
900 3.71493 
901 3.70783 
902 3.70069 
903 3.69353 
904 3.68634 
905 3.67913 
906 3.67189 
907 3.66463 
908 3.65735 
909 3.65004 
910 3.64272 
911 3.63538 
912 3.62802 
913 3.62064 
914 3.61325 
915 3.60584 
916 3.59841 
917 3.59098 
918 3.58353 
919 3.57607 
920 3.5686 
921 3.56113 
922 3.55364 
923 3.54616 
924 3.53866 
925 3.53116 
926 3.52366 
927 3.51616 
928 3.50865 
929 3.50115 
930 3.49365 
931 3.48615 
932 3.47865 
933 3.47116 
934 3.46368 
935 3.4562 
936 3.44874 
937 3.44128 
938 3.43384 
939 3.42641 
940 3.41899 
941 3.41159 
942 3.4042 
943 3.39683 
944 3.38948 
945 3.38215 
946 3.37485 
947 3.36756 
948 3.36031 
949 3.35307 
950 3.34587 
951 3.33869 
952 3.33154 
953 3.32442 
954 3.31733 
955 3.31027 
956 3.30324 
957 3.29624 
958 3.28927 
959 3.28234 
960 3.27543 
961 3.26856 
962 3.26173 
963 3.25492 
964 3.24815 
965 3.24142 
966 3.23472 
967 3.22805 
968 3.22142 
969 3.21483 
970 3.20827 
971 3.20175 
972 3.19527 
973 3.18882 
974 3.18241 
975 3.17604 
976 3.16972 
977 3.16343 
978 3.15718 
979 3.15097 
980 3.1448 
981 3.13867 
982 3.13259 
983 3.12654 
984 3.12054 
985 3.11458 
986 3.10867 
987 3.1028 
988 3.09697 
989 3.09119 
990 3.08546 
991 3.07977 
992 3.07413 
993 3.06853 
994 3.06298 
995 3.05748 
996 3.05203 
997 3.04662 
998 3.04126 
999 3.03596 
1000 3.0307 
1001 3.02549 
1002 3.02034 
1003 3.01523 
1004 3.01018 
1005 3.00517 
1006 3.00021 
1007 2.9953 
1008 2.99043 
1009 2.98562 
1010 2.98085 
1011 2.97613 
1012 2.97145 
1013 2.96682 
1014 2.96224 
1015 2.9577 
1016 2.95321 
1017 2.94876 
1018 2.94436 
1019 2.94 
1020 2.93568 
1021 2.9314 
1022 2.92717 
1023 2.92298 
1024 2.91883 
1025 2.91472 
1026 2.91066 
1027 2.90663 
1028 2.90264 
1029 2.89869 
1030 2.89478 
1031 2.89091 
1032 2.88707 
1033 2.88328 
1034 2.87952 
1035 2.87579 
1036 2.8721 
1037 2.86845 
1038 2.86483 
1039 2.86124 
1040 2.85769 
1041 2.85417 
1042 2.85068 
1043 2.84723 
1044 2.8438 
1045 2.84041 
1046 2.83705 
1047 2.83371 
1048 2.83041 
1049 2.82713 
1050 2.82388 
1051 2.82066 
1052 2.81746 
1053 2.81429 
1054 2.81115 
1055 2.80803 
1056 2.80493 
1057 2.80186 
1058 2.79881 
1059 2.79578 
1060 2.79278 
1061 2.78979 
1062 2.78683 
1063 2.78388 
1064 2.78096 
1065 2.77805 
1066 2.77516 
1067 2.77228 
1068 2.76942 
1069 2.76658 
1070 2.76375 
1071 2.76094 
1072 2.75814 
1073 2.75535 
1074 2.75257 
1075 2.74981 
1076 2.74705 
1077 2.74431 
1078 2.74157 
1079 2.73884 
1080 2.73612 
1081 2.73341 
1082 2.7307 
1083 2.72799 
1084 2.72529 
1085 2.7226 
1086 2.7199 
1087 2.71721 
1088 2.71452 
1089 2.71183 
1090 2.70913 
1091 2.70644 
1092 2.70374 
1093 2.70104 
1094 2.69834 
1095 2.69563 
1096 2.69292 
1097 2.6902 
1098 2.68747 
1099 2.68473 
1100 2.68198 
1101 2.67922 
1102 2.67646 
1103 2.67368 
1104 2.67089 
1105 2.66808 
1106 2.66527 
1107 2.66245 
1108 2.65961 
1109 2.65676 
1110 2.65389 
1111 2.65102 
1112 2.64813 
1113 2.64522 
1114 2.64231 
1115 2.63938 
1116 2.63643 
1117 2.63347 
1118 2.63049 
1119 2.6275 
1120 2.62449 
1121 2.62147 
1122 2.61843 
1123 2.61537 
1124 2.61229 
1125 2.6092 
1126 2.60609 
1127 2.60297 
1128 2.59982 
1129 2.59666 
1130 2.59347 
1131 2.59027 
1132 2.58705 
1133 2.5838 
1134 2.58054 
1135 2.57726 
1136 2.57395 
1137 2.57063 
1138 2.56728 
1139 2.56391 
1140 2.56052 
1141 2.5571 
1142 2.55367 
1143 2.55021 
1144 2.54672 
1145 2.54321 
1146 2.53968 
1147 2.53612 
1148 2.53254 
1149 2.52893 
1150 2.52529 
1151 2.52163 
1152 2.51794 
1153 2.51423 
1154 2.51049 
1155 2.50672 
1156 2.50293 
1157 2.49912 
1158 2.49528 
1159 2.49141 
1160 2.48752 
1161 2.48361 
1162 2.47968 
1163 2.47572 
1164 2.47173 
1165 2.46773 
1166 2.4637 
1167 2.45965 
1168 2.45557 
1169 2.45148 
1170 2.44736 
1171 2.44322 
1172 2.43906 
1173 2.43488 
1174 2.43068 
1175 2.42646 
1176 2.42222 
1177 2.41796 
1178 2.41368 
1179 2.40938 
1180 2.40506 
1181 2.40072 
1182 2.39637 
1183 2.39199 
1184 2.3876 
1185 2.3832 
1186 2.37877 
1187 2.37433 
1188 2.36987 
1189 2.36539 
1190 2.3609 
1191 2.35639 
1192 2.35187 
1193 2.34733 
1194 2.34278 
1195 2.33822 
1196 2.33364 
1197 2.32904 
1198 2.32443 
1199 2.31981 
1200 2.31518 
1201 2.31054 
1202 2.30588 
1203 2.30121 
1204 2.29653 
1205 2.29184 
1206 2.28714 
1207 2.28243 
1208 2.2777 
1209 2.27298 
1210 2.26824 
1211 2.26349 
1212 2.25874 
1213 2.25398 
1214 2.24921 
1215 2.24444 
1216 2.23966 
1217 2.23487 
1218 2.23008 
1219 2.22529 
1220 2.22049 
1221 2.21569 
1222 2.21089 
1223 2.20608 
1224 2.20127 
1225 2.19646 
1226 2.19165 
1227 2.18684 
1228 2.18203 
1229 2.17722 
1230 2.17241 
1231 2.1676 
1232 2.1628 
1233 2.158 
1234 2.1532 
1235 2.1484 
1236 2.14361 
1237 2.13882 
1238 2.13404 
1239 2.12926 
1240 2.12449 
1241 2.11973 
1242 2.11497 
1243 2.11022 
1244 2.10548 
1245 2.10075 
1246 2.09603 
1247 2.09132 
1248 2.08662 
1249 2.08193 
1250 2.07725 
1251 2.07259 
1252 2.06794 
1253 2.0633 
1254 2.05867 
1255 2.05406 
1256 2.04946 
1257 2.04487 
1258 2.0403 
1259 2.03574 
1260 2.03119 
1261 2.02666 
1262 2.02215 
1263 2.01765 
1264 2.01316 
1265 2.00869 
1266 2.00424 
1267 1.9998 
1268 1.99538 
1269 1.99098 
1270 1.98659 
1271 1.98222 
1272 1.97786 
1273 1.97352 
1274 1.96921 
1275 1.9649 
1276 1.96062 
1277 1.95635 
1278 1.95211 
1279 1.94788 
1280 1.94367 
1281 1.93948 
1282 1.93531 
1283 1.93116 
1284 1.92702 
1285 1.92291 
1286 1.91882 
1287 1.91475 
1288 1.9107 
1289 1.90668 
1290 1.90267 
1291 1.89868 
1292 1.89472 
1293 1.89078 
1294 1.88686 
1295 1.88297 
1296 1.87909 
1297 1.87525 
1298 1.87142 
1299 1.86762 
1300 1.86384 
1301 1.86008 
1302 1.85635 
1303 1.85265 
1304 1.84896 
1305 1.84531 
1306 1.84167 
1307 1.83806 
1308 1.83447 
1309 1.8309 
1310 1.82736 
1311 1.82384 
1312 1.82035 
1313 1.81687 
1314 1.81342 
1315 1.80999 
1316 1.80658 
1317 1.8032 
1318 1.79983 
1319 1.79649 
1320 1.79317 
1321 1.78988 
1322 1.7866 
1323 1.78334 
1324 1.78011 
1325 1.77689 
1326 1.7737 
1327 1.77053 
1328 1.76738 
1329 1.76424 
1330 1.76113 
1331 1.75804 
1332 1.75497 
1333 1.75191 
1334 1.74888 
1335 1.74586 
1336 1.74287 
1337 1.73989 
1338 1.73693 
1339 1.73399 
1340 1.73107 
1341 1.72817 
1342 1.72528 
1343 1.72242 
1344 1.71957 
1345 1.71673 
1346 1.71392 
1347 1.71112 
1348 1.70834 
1349 1.70557 
1350 1.70282 
1351 1.70009 
1352 1.69737 
1353 1.69467 
1354 1.69198 
1355 1.68931 
1356 1.68666 
1357 1.68402 
1358 1.68139 
1359 1.67877 
1360 1.67617 
1361 1.67359 
1362 1.67101 
1363 1.66845 
1364 1.66591 
1365 1.66337 
1366 1.66085 
1367 1.65833 
1368 1.65583 
1369 1.65334 
1370 1.65086 
1371 1.64839 
1372 1.64593 
1373 1.64348 
1374 1.64104 
1375 1.63861 
1376 1.63619 
1377 1.63377 
1378 1.63137 
1379 1.62897 
1380 1.62658 
1381 1.62419 
1382 1.62181 
1383 1.61944 
1384 1.61708 
1385 1.61472 
1386 1.61237 
1387 1.61002 
1388 1.60767 
1389 1.60533 
1390 1.603 
1391 1.60066 
1392 1.59833 
1393 1.59601 
1394 1.59368 
1395 1.59136 
1396 1.58904 
1397 1.58672 
1398 1.5844 
1399 1.58209 
1400 1.57977 
1401 1.57745 
1402 1.57514 
1403 1.57282 
1404 1.5705 
1405 1.56818 
1406 1.56586 
1407 1.56354 
1408 1.56122 
1409 1.55889 
1410 1.55657 
1411 1.55424 
1412 1.55191 
1413 1.54958 
1414 1.54725 
1415 1.54492 
1416 1.54258 
1417 1.54024 
1418 1.53789 
1419 1.53555 
1420 1.5332 
1421 1.53085 
1422 1.52849 
1423 1.52613 
1424 1.52377 
1425 1.5214 
1426 1.51903 
1427 1.51665 
1428 1.51427 
1429 1.51188 
1430 1.50949 
1431 1.5071 
1432 1.5047 
1433 1.50229 
1434 1.49988 
1435 1.49746 
1436 1.49503 
1437 1.4926 
1438 1.49017 
1439 1.48772 
1440 1.48527 
1441 1.48282 
1442 1.48035 
1443 1.47788 
1444 1.4754 
1445 1.47291 
1446 1.47042 
1447 1.46792 
1448 1.46541 
1449 1.46289 
1450 1.46036 
1451 1.45782 
1452 1.45527 
1453 1.45272 
1454 1.45015 
1455 1.44758 
1456 1.445 
1457 1.44241 
1458 1.43981 
1459 1.4372 
1460 1.43459 
1461 1.43197 
1462 1.42933 
1463 1.42669 
1464 1.42405 
1465 1.42139 
1466 1.41873 
1467 1.41606 
1468 1.41338 
1469 1.41069 
1470 1.408 
1471 1.4053 
1472 1.40259 
1473 1.39988 
1474 1.39715 
1475 1.39442 
1476 1.39169 
1477 1.38894 
1478 1.38619 
1479 1.38344 
1480 1.38067 
1481 1.3779 
1482 1.37513 
1483 1.37234 
1484 1.36955 
1485 1.36676 
1486 1.36396 
1487 1.36115 
1488 1.35833 
1489 1.35551 
1490 1.35269 
1491 1.34986 
1492 1.34702 
1493 1.34418 
1494 1.34133 
1495 1.33848 
1496 1.33562 
1497 1.33276 
1498 1.32989 
1499 1.32702 
1500 1.32414 
1501 1.32126 
1502 1.31837 
1503 1.31548 
1504 1.31258 
1505 1.30968 
1506 1.30678 
1507 1.30387 
1508 1.30096 
1509 1.29805 
1510 1.29513 
1511 1.29221 
1512 1.28929 
1513 1.28637 
1514 1.28344 
1515 1.28051 
1516 1.27758 
1517 1.27465 
1518 1.27171 
1519 1.26878 
1520 1.26584 
1521 1.26291 
1522 1.25997 
1523 1.25703 
1524 1.25409 
1525 1.25115 
1526 1.24822 
1527 1.24528 
1528 1.24234 
1529 1.23941 
1530 1.23647 
1531 1.23354 
1532 1.23061 
1533 1.22768 
1534 1.22475 
1535 1.22182 
1536 1.2189 
1537 1.21598 
1538 1.21306 
1539 1.21014 
1540 1.20723 
1541 1.20432 
1542 1.20142 
1543 1.19851 
1544 1.19562 
1545 1.19273 
1546 1.18984 
1547 1.18695 
1548 1.18408 
1549 1.1812 
1550 1.17834 
1551 1.17547 
1552 1.17262 
1553 1.16977 
1554 1.16693 
1555 1.16409 
1556 1.16126 
1557 1.15843 
1558 1.15562 
1559 1.1528 
1560 1.15 
1561 1.1472 
1562 1.14441 
1563 1.14163 
1564 1.13885 
1565 1.13609 
1566 1.13333 
1567 1.13057 
1568 1.12783 
1569 1.12509 
1570 1.12236 
1571 1.11964 
1572 1.11693 
1573 1.11422 
1574 1.11153 
1575 1.10884 
1576 1.10616 
1577 1.1035 
1578 1.10084 
1579 1.09818 
1580 1.09554 
1581 1.09291 
1582 1.09029 
1583 1.08768 
1584 1.08507 
1585 1.08248 
1586 1.0799 
1587 1.07733 
1588 1.07477 
1589 1.07221 
1590 1.06967 
1591 1.06714 
1592 1.06463 
1593 1.06212 
1594 1.05962 
1595 1.05714 
1596 1.05466 
1597 1.0522 
1598 1.04975 
1599 1.04731 
1600 1.04489 
1601 1.04247 
1602 1.04007 
1603 1.03768 
1604 1.0353 
1605 1.03294 
1606 1.03058 
1607 1.02824 
1608 1.02591 
1609 1.02359 
1610 1.02129 
1611 1.01899 
1612 1.01671 
1613 1.01444 
1614 1.01218 
1615 1.00993 
1616 1.0077 
1617 1.00547 
1618 1.00326 
1619 1.00106 
1620 0.998868 
1621 0.99669 
1622 0.994523 
1623 0.992368 
1624 0.990224 
1625 0.988091 
1626 0.985969 
1627 0.983859 
1628 0.98176 
1629 0.979672 
1630 0.977595 
1631 0.975529 
1632 0.973474 
1633 0.97143 
1634 0.969397 
1635 0.967375 
1636 0.965364 
1637 0.963363 
1638 0.961373 
1639 0.959394 
1640 0.957425 
1641 0.955467 
1642 0.95352 
1643 0.951582 
1644 0.949656 
1645 0.947739 
1646 0.945833 
1647 0.943938 
1648 0.942052 
1649 0.940177 
1650 0.938311 
1651 0.936456 
1652 0.934611 
1653 0.932775 
1654 0.93095 
1655 0.929133 
1656 0.927327 
1657 0.925529 
1658 0.923741 
1659 0.921962 
1660 0.920192 
1661 0.918431 
1662 0.916678 
1663 0.914934 
1664 0.913198 
1665 0.911471 
1666 0.909752 
1667 0.908041 
1668 0.906338 
1669 0.904642 
1670 0.902955 
1671 0.901275 
1672 0.899602 
1673 0.897936 
1674 0.896278 
1675 0.894626 
1676 0.892982 
1677 0.891344 
1678 0.889713 
1679 0.888088 
1680 0.886469 
1681 0.884857 
1682 0.883251 
1683 0.88165 
1684 0.880055 
1685 0.878466 
1686 0.876882 
1687 0.875303 
1688 0.87373 
1689 0.872162 
1690 0.870598 
1691 0.869039 
1692 0.867485 
1693 0.865934 
1694 0.864389 
1695 0.862847 
1696 0.861309 
1697 0.859775 
1698 0.858245 
1699 0.856717 
1700 0.855194 
1701 0.853673 
1702 0.852156 
1703 0.850641 
1704 0.849129 
1705 0.847621 
1706 0.846114 
1707 0.844611 
1708 0.84311 
1709 0.841611 
1710 0.840115 
1711 0.838621 
1712 0.837129 
1713 0.835639 
1714 0.834151 
1715 0.832665 
1716 0.831181 
1717 0.829698 
1718 0.828217 
1719 0.826738 
1720 0.825259 
1721 0.823783 
1722 0.822307 
1723 0.820833 
1724 0.819359 
1725 0.817887 
1726 0.816415 
1727 0.814944 
1728 0.813473 
1729 0.812003 
1730 0.810534 
1731 0.809065 
1732 0.807596 
1733 0.806127 
1734 0.804658 
1735 0.803189 
1736 0.80172 
1737 0.80025 
1738 0.79878 
1739 0.79731 
1740 0.795839 
1741 0.794367 
1742 0.792894 
1743 0.791421 
1744 0.789946 
1745 0.78847 
1746 0.786993 
1747 0.785515 
1748 0.784034 
1749 0.782553 
1750 0.78107 
1751 0.779584 
1752 0.778097 
1753 0.776609 
1754 0.775118 
1755 0.773626 
1756 0.772131 
1757 0.770635 
1758 0.769137 
1759 0.767638 
1760 0.766136 
1761 0.764633 
1762 0.763128 
1763 0.761622 
1764 0.760113 
1765 0.758603 
1766 0.757091 
1767 0.755577 
1768 0.754062 
1769 0.752545 
1770 0.751026 
1771 0.749505 
1772 0.747983 
1773 0.746459 
1774 0.744934 
1775 0.743406 
1776 0.741877 
1777 0.740346 
1778 0.738814 
1779 0.73728 
1780 0.735744 
1781 0.734207 
1782 0.732668 
1783 0.731127 
1784 0.729585 
1785 0.728041 
1786 0.726496 
1787 0.724949 
1788 0.7234 
1789 0.721849 
1790 0.720298 
1791 0.718744 
1792 0.717189 
1793 0.715632 
1794 0.714074 
1795 0.712514 
1796 0.710953 
1797 0.70939 
1798 0.707826 
1799 0.70626 
1800 0.704692 
1801 0.703123 
1802 0.701553 
1803 0.699981 
1804 0.698408 
1805 0.696833 
1806 0.695258 
1807 0.693681 
1808 0.692103 
1809 0.690525 
1810 0.688945 
1811 0.687365 
1812 0.685784 
1813 0.684202 
1814 0.68262 
1815 0.681037 
1816 0.679454 
1817 0.67787 
1818 0.676286 
1819 0.674702 
1820 0.673118 
1821 0.671533 
1822 0.669949 
1823 0.668365 
1824 0.666781 
1825 0.665197 
1826 0.663613 
1827 0.66203 
1828 0.660448 
1829 0.658865 
1830 0.657284 
1831 0.655703 
1832 0.654123 
1833 0.652544 
1834 0.650966 
1835 0.649389 
1836 0.647813 
1837 0.646238 
1838 0.644665 
1839 0.643093 
1840 0.641522 
1841 0.639953 
1842 0.638385 
1843 0.636819 
1844 0.635255 
1845 0.633693 
1846 0.632133 
1847 0.630574 
1848 0.629018 
1849 0.627464 
1850 0.625912 
1851 0.624363 
1852 0.622816 
1853 0.621271 
1854 0.619729 
1855 0.618189 
1856 0.616653 
1857 0.615118 
1858 0.613587 
1859 0.612058 
1860 0.610532 
1861 0.609009 
1862 0.607488 
1863 0.605971 
1864 0.604457 
1865 0.602945 
1866 0.601437 
1867 0.599932 
1868 0.59843 
1869 0.596932 
1870 0.595437 
1871 0.593945 
1872 0.592456 
1873 0.590971 
1874 0.58949 
1875 0.588012 
1876 0.586537 
1877 0.585067 
1878 0.5836 
1879 0.582136 
1880 0.580677 
1881 0.579222 
1882 0.57777 
1883 0.576322 
1884 0.574879 
1885 0.57344 
1886 0.572004 
1887 0.570573 
1888 0.569146 
1889 0.567724 
1890 0.566306 
1891 0.564892 
1892 0.563483 
1893 0.562078 
1894 0.560678 
1895 0.559283 
1896 0.557892 
1897 0.556506 
1898 0.555125 
1899 0.553748 
1900 0.552377 
1901 0.551011 
1902 0.549649 
1903 0.548293 
1904 0.546941 
1905 0.545595 
1906 0.544254 
1907 0.542918 
1908 0.541587 
1909 0.540262 
1910 0.538941 
1911 0.537626 
1912 0.536317 
1913 0.535012 
1914 0.533713 
1915 0.532419 
1916 0.531131 
1917 0.529848 
1918 0.52857 
1919 0.527298 
1920 0.526032 
1921 0.524771 
1922 0.523516 
1923 0.522266 
1924 0.521022 
1925 0.519783 
1926 0.518551 
1927 0.517324 
1928 0.516102 
1929 0.514887 
1930 0.513677 
1931 0.512473 
1932 0.511275 
1933 0.510083 
1934 0.508897 
1935 0.507717 
1936 0.506542 
1937 0.505374 
1938 0.504212 
1939 0.503056 
1940 0.501906 
1941 0.500762 
1942 0.499624 
1943 0.498493 
1944 0.497367 
1945 0.496248 
1946 0.495135 
1947 0.494029 
1948 0.492929 
1949 0.491835 
1950 0.490748 
1951 0.489667 
1952 0.488592 
1953 0.487523 
1954 0.486461 
1955 0.485404 
1956 0.484353 
1957 0.483307 
1958 0.482266 
1959 0.481231 
1960 0.4802 
1961 0.479174 
1962 0.478153 
1963 0.477137 
1964 0.476124 
1965 0.475116 
1966 0.474111 
1967 0.473111 
1968 0.472114 
1969 0.47112 
1970 0.470129 
1971 0.469142 
1972 0.468157 
1973 0.467175 
1974 0.466196 
1975 0.465219 
1976 0.464244 
1977 0.463271 
1978 0.462299 
1979 0.46133 
1980 0.460362 
1981 0.459395 
1982 0.458429 
1983 0.457464 
1984 0.456499 
1985 0.455535 
1986 0.454572 
1987 0.453608 
1988 0.452644 
1989 0.451681 
1990 0.450716 
1991 0.449751 
1992 0.448785 
1993 0.447818 
1994 0.44685 
1995 0.445881 
1996 0.444909 
1997 0.443936 
1998 0.442961 
1999 0.441984 
2000 0.441004 
