2 979.67 
3 945.453 
4 923.543 
5 905.378 
6 889.523 
7 876.118 
8 862.758 
9 849.25 
10 836.963 
11 823.945 
12 810.91 
13 797.211 
14 784.14 
15 771.719 
16 757.885 
17 743.472 
18 729.789 
19 717.267 
20 705.225 
21 692.305 
22 678.744 
23 665.116 
24 651.72 
25 638.532 
26 625.32 
27 612.247 
28 599.476 
29 586.988 
30 574.56 
31 561.889 
32 549.125 
33 536.517 
34 524.27 
35 512.541 
36 501.424 
37 490.95 
38 481.075 
39 471.672 
40 462.527 
41 453.412 
42 444.363 
43 435.482 
44 426.857 
45 418.562 
46 410.654 
47 403.171 
48 396.134 
49 389.538 
50 383.358 
51 377.563 
52 372.187 
53 367.276 
54 362.864 
55 358.977 
56 355.63 
57 352.827 
58 350.559 
59 348.803 
60 347.523 
61 346.685 
62 346.303 
63 346.403 
64 347.007 
65 348.132 
66 349.791 
67 351.99 
68 354.732 
69 358.013 
70 361.823 
71 366.152 
72 371.01 
73 376.408 
74 382.355 
75 388.858 
76 395.919 
77 403.537 
78 411.71 
79 420.43 
80 429.685 
81 439.464 
82 449.77 
83 460.609 
84 471.983 
85 483.896 
86 496.346 
87 509.331 
88 522.848 
89 536.889 
90 551.447 
91 566.512 
92 582.083 
93 598.156 
94 614.729 
95 631.798 
96 649.355 
97 667.393 
98 685.903 
99 704.875 
100 724.295 
101 744.151 
102 764.441 
103 785.161 
104 806.309 
105 827.882 
106 849.876 
107 872.284 
108 895.103 
109 918.325 
110 941.943 
111 965.949 
112 990.335 
113 1015.09 
114 1040.21 
115 1065.67 
116 1091.47 
117 1117.59 
118 1144.02 
119 1170.74 
120 1197.74 
121 1225 
122 1252.52 
123 1280.27 
124 1308.27 
125 1336.49 
126 1364.94 
127 1393.59 
128 1422.44 
129 1451.48 
130 1480.7 
131 1510.09 
132 1539.64 
133 1569.33 
134 1599.15 
135 1629.09 
136 1659.15 
137 1689.29 
138 1719.52 
139 1749.82 
140 1780.17 
141 1810.55 
142 1840.97 
143 1871.4 
144 1901.84 
145 1932.27 
146 1962.69 
147 1993.08 
148 2023.43 
149 2053.73 
150 2083.96 
151 2114.13 
152 2144.2 
153 2174.18 
154 2204.05 
155 2233.79 
156 2263.4 
157 2292.86 
158 2322.16 
159 2351.28 
160 2380.22 
161 2408.95 
162 2437.47 
163 2465.77 
164 2493.83 
165 2521.65 
166 2549.22 
167 2576.53 
168 2603.56 
169 2630.31 
170 2656.77 
171 2682.92 
172 2708.76 
173 2734.27 
174 2759.45 
175 2784.29 
176 2808.77 
177 2832.89 
178 2856.64 
179 2880.01 
180 2902.98 
181 2925.55 
182 2947.71 
183 2969.46 
184 2990.78 
185 3011.66 
186 3032.11 
187 3052.1 
188 3071.64 
189 3090.72 
190 3109.33 
191 3127.46 
192 3145.11 
193 3162.27 
194 3178.94 
195 3195.1 
196 3210.76 
197 3225.9 
198 3240.52 
199 3254.62 
200 3268.19 
201 3281.23 
202 3293.72 
203 3305.68 
204 3317.08 
205 3327.94 
206 3338.24 
207 3347.99 
208 3357.17 
209 3365.79 
210 3373.84 
211 3381.33 
212 3388.25 
213 3394.59 
214 3400.37 
215 3405.56 
216 3410.18 
217 3414.23 
218 3417.7 
219 3420.59 
220 3422.91 
221 3424.65 
222 3425.81 
223 3426.4 
224 3426.42 
225 3425.86 
226 3424.74 
227 3423.04 
228 3420.78 
229 3417.96 
230 3414.56 
231 3410.61 
232 3406.09 
233 3401.02 
234 3395.39 
235 3389.21 
236 3382.48 
237 3375.21 
238 3367.39 
239 3359.03 
240 3350.15 
241 3340.73 
242 3330.8 
243 3320.34 
244 3309.38 
245 3297.91 
246 3285.94 
247 3273.48 
248 3260.53 
249 3247.11 
250 3233.22 
251 3218.86 
252 3204.05 
253 3188.78 
254 3173.08 
255 3156.93 
256 3140.35 
257 3123.34 
258 3105.91 
259 3088.06 
260 3069.81 
261 3051.16 
262 3032.12 
263 3012.7 
264 2992.9 
265 2972.73 
266 2952.2 
267 2931.33 
268 2910.11 
269 2888.57 
270 2866.7 
271 2844.52 
272 2822.04 
273 2799.28 
274 2776.23 
275 2752.92 
276 2729.35 
277 2705.53 
278 2681.47 
279 2657.19 
280 2632.68 
281 2607.96 
282 2583.04 
283 2557.93 
284 2532.64 
285 2507.17 
286 2481.55 
287 2455.77 
288 2429.85 
289 2403.8 
290 2377.64 
291 2351.36 
292 2325 
293 2298.55 
294 2272.02 
295 2245.45 
296 2218.82 
297 2192.16 
298 2165.48 
299 2138.8 
300 2112.12 
301 2085.46 
302 2058.83 
303 2032.23 
304 2005.67 
305 1979.16 
306 1952.7 
307 1926.3 
308 1899.96 
309 1873.71 
310 1847.53 
311 1821.44 
312 1795.44 
313 1769.54 
314 1743.76 
315 1718.08 
316 1692.53 
317 1667.11 
318 1641.82 
319 1616.68 
320 1591.69 
321 1566.86 
322 1542.19 
323 1517.7 
324 1493.38 
325 1469.25 
326 1445.32 
327 1421.58 
328 1398.06 
329 1374.75 
330 1351.67 
331 1328.82 
332 1306.21 
333 1283.85 
334 1261.74 
335 1239.89 
336 1218.32 
337 1197.02 
338 1176.01 
339 1155.29 
340 1134.87 
341 1114.76 
342 1094.97 
343 1075.5 
344 1056.37 
345 1037.58 
346 1019.13 
347 1001.05 
348 983.324 
349 965.975 
350 949.008 
351 932.429 
352 916.241 
353 900.447 
354 885.047 
355 870.043 
356 855.436 
357 841.228 
358 827.42 
359 814.013 
360 801.008 
361 788.405 
362 776.206 
363 764.41 
364 753.018 
365 742.031 
366 731.447 
367 721.268 
368 711.494 
369 702.123 
370 693.156 
371 684.591 
372 676.429 
373 668.668 
374 661.307 
375 654.346 
376 647.782 
377 641.614 
378 635.842 
379 630.462 
380 625.474 
381 620.875 
382 616.663 
383 612.835 
384 609.39 
385 606.324 
386 603.634 
387 601.318 
388 599.373 
389 597.795 
390 596.58 
391 595.726 
392 595.228 
393 595.082 
394 595.284 
395 595.831 
396 596.717 
397 597.937 
398 599.488 
399 601.363 
400 603.558 
401 606.068 
402 608.89 
403 612.019 
404 615.453 
405 619.188 
406 623.22 
407 627.545 
408 632.16 
409 637.059 
410 642.24 
411 647.697 
412 653.426 
413 659.422 
414 665.681 
415 672.197 
416 678.965 
417 685.98 
418 693.237 
419 700.729 
420 708.452 
421 716.399 
422 724.564 
423 732.941 
424 741.524 
425 750.306 
426 759.281 
427 768.442 
428 777.781 
429 787.292 
430 796.968 
431 806.8 
432 816.782 
433 826.905 
434 837.162 
435 847.544 
436 858.044 
437 868.652 
438 879.361 
439 890.161 
440 901.044 
441 912 
442 923.021 
443 934.096 
444 945.216 
445 956.372 
446 967.553 
447 978.749 
448 989.95 
449 1001.15 
450 1012.32 
451 1023.48 
452 1034.6 
453 1045.69 
454 1056.74 
455 1067.75 
456 1078.72 
457 1089.64 
458 1100.5 
459 1111.31 
460 1122.07 
461 1132.75 
462 1143.38 
463 1153.93 
464 1164.41 
465 1174.8 
466 1185.12 
467 1195.35 
468 1205.49 
469 1215.53 
470 1225.47 
471 1235.31 
472 1245.05 
473 1254.67 
474 1264.17 
475 1273.55 
476 1282.81 
477 1291.94 
478 1300.93 
479 1309.78 
480 1318.49 
481 1327.04 
482 1335.45 
483 1343.69 
484 1351.77 
485 1359.69 
486 1367.43 
487 1374.98 
488 1382.36 
489 1389.55 
490 1396.54 
491 1403.33 
492 1409.91 
493 1416.29 
494 1422.45 
495 1428.38 
496 1434.09 
497 1439.57 
498 1444.8 
499 1449.8 
500 1454.54 
501 1459.02 
502 1463.25 
503 1467.23 
504 1470.95 
505 1474.41 
506 1477.63 
507 1480.59 
508 1483.3 
509 1485.76 
510 1487.97 
511 1489.93 
512 1491.65 
513 1493.12 
514 1494.34 
515 1495.32 
516 1496.06 
517 1496.55 
518 1496.81 
519 1496.83 
520 1496.61 
521 1496.16 
522 1495.47 
523 1494.55 
524 1493.4 
525 1492.02 
526 1490.41 
527 1488.58 
528 1486.53 
529 1484.26 
530 1481.76 
531 1479.05 
532 1476.13 
533 1472.99 
534 1469.64 
535 1466.08 
536 1462.32 
537 1458.35 
538 1454.19 
539 1449.82 
540 1445.26 
541 1440.51 
542 1435.56 
543 1430.43 
544 1425.11 
545 1419.61 
546 1413.93 
547 1408.08 
548 1402.05 
549 1395.86 
550 1389.49 
551 1382.96 
552 1376.28 
553 1369.43 
554 1362.44 
555 1355.29 
556 1348 
557 1340.57 
558 1333.01 
559 1325.31 
560 1317.48 
561 1309.53 
562 1301.45 
563 1293.27 
564 1284.97 
565 1276.56 
566 1268.05 
567 1259.44 
568 1250.74 
569 1241.95 
570 1233.08 
571 1224.13 
572 1215.11 
573 1206.02 
574 1196.86 
575 1187.65 
576 1178.38 
577 1169.07 
578 1159.71 
579 1150.32 
580 1140.89 
581 1131.44 
582 1121.97 
583 1112.49 
584 1103 
585 1093.51 
586 1084.02 
587 1074.54 
588 1065.08 
589 1055.64 
590 1046.22 
591 1036.85 
592 1027.51 
593 1018.23 
594 1009 
595 999.826 
596 990.724 
597 981.698 
598 972.754 
599 963.9 
600 955.142 
601 946.486 
602 937.937 
603 929.497 
604 921.167 
605 912.95 
606 904.85 
607 896.867 
608 889.006 
609 881.267 
610 873.655 
611 866.171 
612 858.818 
613 851.598 
614 844.515 
615 837.57 
616 830.766 
617 824.107 
618 817.594 
619 811.231 
620 805.019 
621 798.963 
622 793.064 
623 787.325 
624 781.749 
625 776.339 
626 771.098 
627 766.028 
628 761.132 
629 756.414 
630 751.876 
631 747.521 
632 743.351 
633 739.371 
634 735.582 
635 731.988 
636 728.591 
637 725.396 
638 722.404 
639 719.618 
640 717.043 
641 714.681 
642 712.534 
643 710.607 
644 708.902 
645 707.423 
646 706.172 
647 705.153 
648 704.369 
649 703.823 
650 703.519 
651 703.459 
652 703.642 
653 704.067 
654 704.732 
655 705.637 
656 706.778 
657 708.156 
658 709.767 
659 711.611 
660 713.685 
661 715.989 
662 718.519 
663 721.275 
664 724.254 
665 727.455 
666 730.875 
667 734.512 
668 738.365 
669 742.431 
670 746.709 
671 751.195 
672 755.889 
673 760.787 
674 765.887 
675 771.187 
676 776.684 
677 782.377 
678 788.262 
679 794.338 
680 800.601 
681 807.049 
682 813.679 
683 820.489 
684 827.476 
685 834.636 
686 841.969 
687 849.469 
688 857.135 
689 864.964 
690 872.952 
691 881.097 
692 889.395 
693 897.844 
694 906.439 
695 915.179 
696 924.059 
697 933.076 
698 942.227 
699 951.509 
700 960.918 
701 970.45 
702 980.102 
703 989.87 
704 999.751 
705 1009.74 
706 1019.83 
707 1030.03 
708 1040.32 
709 1050.71 
710 1061.18 
711 1071.74 
712 1082.38 
713 1093.09 
714 1103.88 
715 1114.74 
716 1125.66 
717 1136.64 
718 1147.67 
719 1158.75 
720 1169.88 
721 1181.05 
722 1192.26 
723 1203.5 
724 1214.76 
725 1226.05 
726 1237.36 
727 1248.67 
728 1260 
729 1271.33 
730 1282.65 
731 1293.97 
732 1305.27 
733 1316.56 
734 1327.82 
735 1339.05 
736 1350.25 
737 1361.41 
738 1372.52 
739 1383.59 
740 1394.59 
741 1405.54 
742 1416.42 
743 1427.22 
744 1437.94 
745 1448.58 
746 1459.13 
747 1469.58 
748 1479.92 
749 1490.16 
750 1500.28 
751 1510.28 
752 1520.16 
753 1529.91 
754 1539.53 
755 1549.02 
756 1558.38 
757 1567.6 
758 1576.68 
759 1585.63 
760 1594.43 
761 1603.09 
762 1611.6 
763 1619.97 
764 1628.18 
765 1636.24 
766 1644.14 
767 1651.88 
768 1659.47 
769 1666.88 
770 1674.14 
771 1681.22 
772 1688.14 
773 1694.88 
774 1701.45 
775 1707.84 
776 1714.04 
777 1720.07 
778 1725.91 
779 1731.56 
780 1737.02 
781 1742.28 
782 1747.36 
783 1752.23 
784 1756.9 
785 1761.37 
786 1765.63 
787 1769.68 
788 1773.52 
789 1777.14 
790 1780.55 
791 1783.73 
792 1786.7 
793 1789.44 
794 1791.95 
795 1794.23 
796 1796.27 
797 1798.08 
798 1799.65 
799 1800.97 
800 1802.05 
801 1802.89 
802 1803.47 
803 1803.81 
804 1803.91 
805 1803.76 
806 1803.37 
807 1802.74 
808 1801.87 
809 1800.77 
810 1799.42 
811 1797.85 
812 1796.04 
813 1794 
814 1791.72 
815 1789.22 
816 1786.5 
817 1783.55 
818 1780.37 
819 1776.97 
820 1773.36 
821 1769.52 
822 1765.47 
823 1761.21 
824 1756.73 
825 1752.04 
826 1747.14 
827 1742.03 
828 1736.72 
829 1731.21 
830 1725.49 
831 1719.58 
832 1713.47 
833 1707.16 
834 1700.67 
835 1693.98 
836 1687.1 
837 1680.04 
838 1672.79 
839 1665.36 
840 1657.75 
841 1649.97 
842 1642.01 
843 1633.88 
844 1625.58 
845 1617.11 
846 1608.48 
847 1599.68 
848 1590.73 
849 1581.61 
850 1572.35 
851 1562.93 
852 1553.36 
853 1543.65 
854 1533.79 
855 1523.8 
856 1513.67 
857 1503.41 
858 1493.02 
859 1482.5 
860 1471.87 
861 1461.11 
862 1450.24 
863 1439.26 
864 1428.18 
865 1416.99 
866 1405.7 
867 1394.31 
868 1382.83 
869 1371.26 
870 1359.61 
871 1347.88 
872 1336.07 
873 1324.18 
874 1312.23 
875 1300.22 
876 1288.14 
877 1276.01 
878 1263.82 
879 1251.59 
880 1239.31 
881 1227 
882 1214.65 
883 1202.26 
884 1189.86 
885 1177.43 
886 1164.98 
887 1152.52 
888 1140.05 
889 1127.58 
890 1115.11 
891 1102.64 
892 1090.19 
893 1077.75 
894 1065.33 
895 1052.93 
896 1040.57 
897 1028.24 
898 1015.95 
899 1003.7 
900 991.506 
901 979.364 
902 967.28 
903 955.254 
904 943.29 
905 931.389 
906 919.553 
907 907.785 
908 896.087 
909 884.461 
910 872.909 
911 861.434 
912 850.037 
913 838.721 
914 827.488 
915 816.341 
916 805.281 
917 794.312 
918 783.435 
919 772.653 
920 761.967 
921 751.382 
922 740.898 
923 730.518 
924 720.245 
925 710.081 
926 700.028 
927 690.09 
928 680.268 
929 670.564 
930 660.983 
931 651.525 
932 642.193 
933 632.991 
934 623.921 
935 614.984 
936 606.184 
937 597.524 
938 589.006 
939 580.632 
940 572.406 
941 564.33 
942 556.406 
943 548.638 
944 541.028 
945 533.579 
946 526.293 
947 519.174 
948 512.224 
949 505.446 
950 498.843 
951 492.416 
952 486.167 
953 480.094 
954 474.197 
955 468.475 
956 462.926 
957 457.552 
958 452.35 
959 447.321 
960 442.462 
961 437.775 
962 433.257 
963 428.908 
964 424.727 
965 420.714 
966 416.867 
967 413.186 
968 409.67 
969 406.318 
970 403.129 
971 400.102 
972 397.236 
973 394.531 
974 391.985 
975 389.597 
976 387.367 
977 385.293 
978 383.375 
979 381.612 
980 380.001 
981 378.543 
982 377.237 
983 376.08 
984 375.073 
985 374.214 
986 373.502 
987 372.935 
988 372.514 
989 372.235 
990 372.099 
991 372.104 
992 372.25 
993 372.533 
994 372.954 
995 373.512 
996 374.204 
997 375.03 
998 375.988 
999 377.078 
1000 378.297 
1001 379.644 
1002 381.117 
1003 382.714 
1004 384.433 
1005 386.271 
1006 388.226 
1007 390.295 
1008 392.476 
1009 394.766 
1010 397.164 
1011 399.666 
1012 402.271 
1013 404.975 
1014 407.776 
1015 410.672 
1016 413.659 
1017 416.736 
1018 419.9 
1019 423.147 
1020 426.476 
1021 429.884 
1022 433.367 
1023 436.924 
1024 440.55 
1025 444.245 
1026 448.004 
1027 451.825 
1028 455.704 
1029 459.64 
1030 463.629 
1031 467.668 
1032 471.755 
1033 475.885 
1034 480.057 
1035 484.267 
1036 488.512 
1037 492.789 
1038 497.095 
1039 501.426 
1040 505.78 
1041 510.154 
1042 514.543 
1043 518.945 
1044 523.357 
1045 527.775 
1046 532.196 
1047 536.617 
1048 541.034 
1049 545.443 
1050 549.843 
1051 554.228 
1052 558.598 
1053 562.951 
1054 567.285 
1055 571.598 
1056 575.89 
1057 580.159 
1058 584.402 
1059 588.619 
1060 592.807 
1061 596.966 
1062 601.093 
1063 605.186 
1064 609.245 
1065 613.268 
1066 617.251 
1067 621.195 
1068 625.098 
1069 628.956 
1070 632.77 
1071 636.537 
1072 640.255 
1073 643.922 
1074 647.538 
1075 651.099 
1076 654.604 
1077 658.052 
1078 661.44 
1079 664.767 
1080 668.031 
1081 671.23 
1082 674.361 
1083 677.424 
1084 680.416 
1085 683.336 
1086 686.181 
1087 688.949 
1088 691.639 
1089 694.248 
1090 696.775 
1091 699.218 
1092 701.575 
1093 703.842 
1094 706.02 
1095 708.105 
1096 710.096 
1097 711.99 
1098 713.786 
1099 715.48 
1100 717.072 
1101 718.56 
1102 719.943 
1103 721.222 
1104 722.398 
1105 723.471 
1106 724.441 
1107 725.308 
1108 726.075 
1109 726.74 
1110 727.304 
1111 727.768 
1112 728.132 
1113 728.398 
1114 728.564 
1115 728.633 
1116 728.603 
1117 728.477 
1118 728.254 
1119 727.936 
1120 727.521 
1121 727.012 
1122 726.409 
1123 725.712 
1124 724.922 
1125 724.039 
1126 723.064 
1127 721.998 
1128 720.842 
1129 719.595 
1130 718.258 
1131 716.833 
1132 715.32 
1133 713.719 
1134 712.031 
1135 710.257 
1136 708.397 
1137 706.452 
1138 704.423 
1139 702.311 
1140 700.115 
1141 697.837 
1142 695.478 
1143 693.039 
1144 690.519 
1145 687.92 
1146 685.242 
1147 682.486 
1148 679.654 
1149 676.745 
1150 673.76 
1151 670.701 
1152 667.569 
1153 664.365 
1154 661.091 
1155 657.749 
1156 654.341 
1157 650.867 
1158 647.331 
1159 643.733 
1160 640.075 
1161 636.36 
1162 632.588 
1163 628.762 
1164 624.883 
1165 620.953 
1166 616.974 
1167 612.948 
1168 608.877 
1169 604.762 
1170 600.606 
1171 596.409 
1172 592.175 
1173 587.905 
1174 583.6 
1175 579.264 
1176 574.897 
1177 570.502 
1178 566.081 
1179 561.635 
1180 557.167 
1181 552.679 
1182 548.173 
1183 543.65 
1184 539.114 
1185 534.565 
1186 530.006 
1187 525.44 
1188 520.867 
1189 516.291 
1190 511.714 
1191 507.137 
1192 502.562 
1193 497.993 
1194 493.431 
1195 488.879 
1196 484.338 
1197 479.811 
1198 475.3 
1199 470.808 
1200 466.336 
1201 461.887 
1202 457.462 
1203 453.062 
1204 448.689 
1205 444.342 
1206 440.025 
1207 435.736 
1208 431.478 
1209 427.252 
1210 423.059 
1211 418.9 
1212 414.776 
1213 410.688 
1214 406.638 
1215 402.626 
1216 398.654 
1217 394.722 
1218 390.833 
1219 386.987 
1220 383.186 
1221 379.43 
1222 375.721 
1223 372.059 
1224 368.448 
1225 364.886 
1226 361.376 
1227 357.919 
1228 354.517 
1229 351.169 
1230 347.879 
1231 344.646 
1232 341.472 
1233 338.359 
1234 335.307 
1235 332.319 
1236 329.394 
1237 326.536 
1238 323.744 
1239 321.02 
1240 318.366 
1241 315.783 
1242 313.272 
1243 310.834 
1244 308.472 
1245 306.185 
1246 303.976 
1247 301.846 
1248 299.796 
1249 297.828 
1250 295.943 
1251 294.143 
1252 292.426 
1253 290.793 
1254 289.243 
1255 287.776 
1256 286.391 
1257 285.089 
1258 283.868 
1259 282.728 
1260 281.668 
1261 280.689 
1262 279.79 
1263 278.97 
1264 278.229 
1265 277.566 
1266 276.981 
1267 276.474 
1268 276.043 
1269 275.689 
1270 275.412 
1271 275.209 
1272 275.082 
1273 275.029 
1274 275.05 
1275 275.144 
1276 275.312 
1277 275.552 
1278 275.864 
1279 276.247 
1280 276.701 
1281 277.226 
1282 277.82 
1283 278.484 
1284 279.216 
1285 280.016 
1286 280.884 
1287 281.818 
1288 282.819 
1289 283.886 
1290 285.018 
1291 286.215 
1292 287.476 
1293 288.8 
1294 290.187 
1295 291.636 
1296 293.147 
1297 294.718 
1298 296.351 
1299 298.042 
1300 299.793 
1301 301.602 
1302 303.469 
1303 305.391 
1304 307.367 
1305 309.397 
1306 311.479 
1307 313.612 
1308 315.793 
1309 318.023 
1310 320.299 
1311 322.62 
1312 324.985 
1313 327.392 
1314 329.84 
1315 332.328 
1316 334.854 
1317 337.416 
1318 340.014 
1319 342.646 
1320 345.31 
1321 348.005 
1322 350.73 
1323 353.483 
1324 356.262 
1325 359.066 
1326 361.893 
1327 364.742 
1328 367.612 
1329 370.501 
1330 373.407 
1331 376.329 
1332 379.265 
1333 382.214 
1334 385.173 
1335 388.142 
1336 391.119 
1337 394.102 
1338 397.09 
1339 400.081 
1340 403.073 
1341 406.065 
1342 409.054 
1343 412.04 
1344 415.021 
1345 417.994 
1346 420.959 
1347 423.914 
1348 426.856 
1349 429.784 
1350 432.696 
1351 435.591 
1352 438.468 
1353 441.326 
1354 444.163 
1355 446.98 
1356 449.774 
1357 452.546 
1358 455.294 
1359 458.018 
1360 460.716 
1361 463.387 
1362 466.031 
1363 468.647 
1364 471.234 
1365 473.79 
1366 476.315 
1367 478.808 
1368 481.268 
1369 483.694 
1370 486.085 
1371 488.44 
1372 490.758 
1373 493.038 
1374 495.28 
1375 497.481 
1376 499.641 
1377 501.76 
1378 503.836 
1379 505.867 
1380 507.854 
1381 509.795 
1382 511.689 
1383 513.534 
1384 515.331 
1385 517.078 
1386 518.773 
1387 520.417 
1388 522.007 
1389 523.543 
1390 525.023 
1391 526.447 
1392 527.813 
1393 529.121 
1394 530.369 
1395 531.556 
1396 532.682 
1397 533.744 
1398 534.742 
1399 535.676 
1400 536.542 
1401 537.342 
1402 538.074 
1403 538.739 
1404 539.338 
1405 539.87 
1406 540.336 
1407 540.736 
1408 541.07 
1409 541.338 
1410 541.542 
1411 541.68 
1412 541.754 
1413 541.763 
1414 541.708 
1415 541.589 
1416 541.406 
1417 541.161 
1418 540.852 
1419 540.48 
1420 540.046 
1421 539.549 
1422 538.991 
1423 538.371 
1424 537.689 
1425 536.947 
1426 536.144 
1427 535.28 
1428 534.356 
1429 533.373 
1430 532.33 
1431 531.227 
1432 530.066 
1433 528.847 
1434 527.569 
1435 526.233 
1436 524.839 
1437 523.388 
1438 521.881 
1439 520.317 
1440 518.696 
1441 517.02 
1442 515.288 
1443 513.501 
1444 511.659 
1445 509.762 
1446 507.811 
1447 505.807 
1448 503.749 
1449 501.638 
1450 499.474 
1451 497.259 
1452 494.991 
1453 492.674 
1454 490.307 
1455 487.891 
1456 485.428 
1457 482.919 
1458 480.364 
1459 477.765 
1460 475.122 
1461 472.437 
1462 469.711 
1463 466.944 
1464 464.138 
1465 461.293 
1466 458.412 
1467 455.494 
1468 452.541 
1469 449.554 
1470 446.534 
1471 443.482 
1472 440.4 
1473 437.288 
1474 434.147 
1475 430.978 
1476 427.784 
1477 424.564 
1478 421.32 
1479 418.053 
1480 414.764 
1481 411.454 
1482 408.125 
1483 404.777 
1484 401.413 
1485 398.032 
1486 394.636 
1487 391.227 
1488 387.805 
1489 384.372 
1490 380.928 
1491 377.476 
1492 374.016 
1493 370.55 
1494 367.078 
1495 363.603 
1496 360.124 
1497 356.644 
1498 353.164 
1499 349.685 
1500 346.209 
1501 342.735 
1502 339.267 
1503 335.803 
1504 332.345 
1505 328.893 
1506 325.449 
1507 322.012 
1508 318.585 
1509 315.167 
1510 311.759 
1511 308.362 
1512 304.977 
1513 301.604 
1514 298.245 
1515 294.9 
1516 291.57 
1517 288.256 
1518 284.958 
1519 281.677 
1520 278.415 
1521 275.171 
1522 271.947 
1523 268.743 
1524 265.561 
1525 262.4 
1526 259.263 
1527 256.149 
1528 253.06 
1529 249.997 
1530 246.959 
1531 243.949 
1532 240.966 
1533 238.013 
1534 235.089 
1535 232.195 
1536 229.333 
1537 226.503 
1538 223.706 
1539 220.943 
1540 218.214 
1541 215.522 
1542 212.865 
1543 210.247 
1544 207.666 
1545 205.125 
1546 202.624 
1547 200.164 
1548 197.746 
1549 195.371 
1550 193.04 
1551 190.753 
1552 188.51 
1553 186.312 
1554 184.159 
1555 182.05 
1556 179.986 
1557 177.966 
1558 175.99 
1559 174.058 
1560 172.17 
1561 170.326 
1562 168.527 
1563 166.771 
1564 165.059 
1565 163.391 
1566 161.766 
1567 160.185 
1568 158.648 
1569 157.154 
1570 155.704 
1571 154.297 
1572 152.933 
1573 151.612 
1574 150.334 
1575 149.099 
1576 147.908 
1577 146.758 
1578 145.652 
1579 144.589 
1580 143.567 
1581 142.589 
1582 141.653 
1583 140.759 
1584 139.907 
1585 139.097 
1586 138.329 
1587 137.604 
1588 136.92 
1589 136.277 
1590 135.677 
1591 135.118 
1592 134.6 
1593 134.124 
1594 133.689 
1595 133.295 
1596 132.942 
1597 132.629 
1598 132.358 
1599 132.127 
1600 131.937 
1601 131.788 
1602 131.678 
1603 131.607 
1604 131.575 
1605 131.581 
1606 131.624 
1607 131.704 
1608 131.82 
1609 131.971 
1610 132.158 
1611 132.378 
1612 132.632 
1613 132.919 
1614 133.237 
1615 133.588 
1616 133.969 
1617 134.38 
1618 134.821 
1619 135.29 
1620 135.788 
1621 136.313 
1622 136.865 
1623 137.443 
1624 138.046 
1625 138.674 
1626 139.326 
1627 140.001 
1628 140.699 
1629 141.418 
1630 142.159 
1631 142.92 
1632 143.7 
1633 144.499 
1634 145.317 
1635 146.152 
1636 147.004 
1637 147.871 
1638 148.754 
1639 149.651 
1640 150.562 
1641 151.486 
1642 152.422 
1643 153.369 
1644 154.327 
1645 155.294 
1646 156.271 
1647 157.256 
1648 158.248 
1649 159.247 
1650 160.252 
1651 161.262 
1652 162.277 
1653 163.295 
1654 164.317 
1655 165.342 
1656 166.37 
1657 167.399 
1658 168.43 
1659 169.462 
1660 170.494 
1661 171.526 
1662 172.558 
1663 173.588 
1664 174.616 
1665 175.642 
1666 176.665 
1667 177.685 
1668 178.7 
1669 179.711 
1670 180.718 
1671 181.718 
1672 182.712 
1673 183.699 
1674 184.68 
1675 185.652 
1676 186.615 
1677 187.57 
1678 188.515 
1679 189.45 
1680 190.373 
1681 191.286 
1682 192.186 
1683 193.074 
1684 193.949 
1685 194.81 
1686 195.657 
1687 196.489 
1688 197.305 
1689 198.105 
1690 198.888 
1691 199.654 
1692 200.402 
1693 201.131 
1694 201.841 
1695 202.531 
1696 203.2 
1697 203.849 
1698 204.475 
1699 205.079 
1700 205.661 
1701 206.218 
1702 206.752 
1703 207.263 
1704 207.749 
1705 208.212 
1706 208.652 
1707 209.068 
1708 209.46 
1709 209.828 
1710 210.173 
1711 210.495 
1712 210.793 
1713 211.067 
1714 211.317 
1715 211.545 
1716 211.748 
1717 211.928 
1718 212.085 
1719 212.218 
1720 212.327 
1721 212.413 
1722 212.476 
1723 212.515 
1724 212.531 
1725 212.523 
1726 212.492 
1727 212.437 
1728 212.359 
1729 212.258 
1730 212.133 
1731 211.985 
1732 211.814 
1733 211.62 
1734 211.402 
1735 211.161 
1736 210.896 
1737 210.608 
1738 210.298 
1739 209.964 
1740 209.606 
1741 209.226 
1742 208.823 
1743 208.396 
1744 207.946 
1745 207.473 
1746 206.978 
1747 206.459 
1748 205.917 
1749 205.352 
1750 204.764 
1751 204.154 
1752 203.52 
1753 202.865 
1754 202.188 
1755 201.489 
1756 200.77 
1757 200.03 
1758 199.27 
1759 198.49 
1760 197.691 
1761 196.874 
1762 196.037 
1763 195.183 
1764 194.311 
1765 193.422 
1766 192.516 
1767 191.594 
1768 190.656 
1769 189.702 
1770 188.734 
1771 187.751 
1772 186.753 
1773 185.742 
1774 184.718 
1775 183.681 
1776 182.632 
1777 181.571 
1778 180.498 
1779 179.414 
1780 178.32 
1781 177.215 
1782 176.101 
1783 174.978 
1784 173.846 
1785 172.706 
1786 171.558 
1787 170.403 
1788 169.241 
1789 168.073 
1790 166.899 
1791 165.719 
1792 164.535 
1793 163.346 
1794 162.153 
1795 160.957 
1796 159.758 
1797 158.557 
1798 157.353 
1799 156.148 
1800 154.942 
1801 153.736 
1802 152.529 
1803 151.323 
1804 150.118 
1805 148.913 
1806 147.71 
1807 146.508 
1808 145.308 
1809 144.11 
1810 142.915 
1811 141.724 
1812 140.535 
1813 139.35 
1814 138.17 
1815 136.993 
1816 135.822 
1817 134.655 
1818 133.495 
1819 132.34 
1820 131.191 
1821 130.049 
1822 128.914 
1823 127.786 
1824 126.666 
1825 125.555 
1826 124.451 
1827 123.357 
1828 122.271 
1829 121.196 
1830 120.13 
1831 119.075 
1832 118.03 
1833 116.997 
1834 115.975 
1835 114.965 
1836 113.968 
1837 112.983 
1838 112.011 
1839 111.053 
1840 110.108 
1841 109.178 
1842 108.263 
1843 107.362 
1844 106.477 
1845 105.609 
1846 104.756 
1847 103.92 
1848 103.101 
1849 102.3 
1850 101.517 
1851 100.752 
1852 100.005 
1853 99.2767 
1854 98.5669 
1855 97.8754 
1856 97.2023 
1857 96.5476 
1858 95.9113 
1859 95.2934 
1860 94.6939 
1861 94.1129 
1862 93.5503 
1863 93.0061 
1864 92.4803 
1865 91.973 
1866 91.4841 
1867 91.0137 
1868 90.5617 
1869 90.1282 
1870 89.7131 
1871 89.3165 
1872 88.9384 
1873 88.5787 
1874 88.2375 
1875 87.9148 
1876 87.6106 
1877 87.3248 
1878 87.0575 
1879 86.8087 
1880 86.5784 
1881 86.3665 
1882 86.1731 
1883 85.9983 
1884 85.8419 
1885 85.704 
1886 85.5846 
1887 85.4837 
1888 85.4012 
1889 85.3373 
1890 85.2918 
1891 85.2649 
1892 85.2564 
1893 85.2664 
1894 85.2949 
1895 85.3419 
1896 85.4073 
1897 85.4913 
1898 85.5937 
1899 85.7146 
1900 85.854 
1901 86.0118 
1902 86.1877 
1903 86.3813 
1904 86.5922 
1905 86.8201 
1906 87.0646 
1907 87.3253 
1908 87.6018 
1909 87.8938 
1910 88.2007 
1911 88.5223 
1912 88.8582 
1913 89.2079 
1914 89.571 
1915 89.9473 
1916 90.3362 
1917 90.7373 
1918 91.1503 
1919 91.5748 
1920 92.0103 
1921 92.4565 
1922 92.9128 
1923 93.379 
1924 93.8546 
1925 94.3391 
1926 94.8323 
1927 95.3335 
1928 95.8425 
1929 96.3588 
1930 96.882 
1931 97.4116 
1932 97.9472 
1933 98.4885 
1934 99.0348 
1935 99.5859 
1936 100.141 
1937 100.701 
1938 101.263 
1939 101.829 
1940 102.397 
1941 102.967 
1942 103.539 
1943 104.112 
1944 104.686 
1945 105.26 
1946 105.834 
1947 106.407 
1948 106.979 
1949 107.549 
1950 108.118 
1951 108.684 
1952 109.248 
1953 109.809 
1954 110.368 
1955 110.925 
1956 111.48 
1957 112.032 
1958 112.583 
1959 113.131 
1960 113.678 
1961 114.222 
1962 114.765 
1963 115.306 
1964 115.846 
1965 116.384 
1966 116.92 
1967 117.455 
1968 117.988 
1969 118.52 
1970 119.051 
1971 119.58 
1972 120.108 
1973 120.636 
1974 121.162 
1975 121.687 
1976 122.211 
1977 122.735 
1978 123.257 
1979 123.779 
1980 124.3 
1981 124.821 
1982 125.341 
1983 125.861 
1984 126.381 
1985 126.9 
1986 127.419 
1987 127.937 
1988 128.456 
1989 128.975 
1990 129.493 
1991 130.012 
1992 130.531 
1993 131.05 
1994 131.57 
1995 132.09 
1996 132.611 
1997 133.132 
1998 133.653 
1999 134.176 
2000 134.699 
