0 2.92552e-10 
0.00628319 2.72215e-10 
0.0125664 2.50749e-10 
0.0188496 2.37358e-10 
0.0251327 2.32248e-10 
0.0314159 2.27741e-10 
0.0376991 2.22905e-10 
0.0439823 2.18921e-10 
0.0502655 2.15402e-10 
0.0565487 2.11972e-10 
0.0628319 2.09387e-10 
0.069115 2.07362e-10 
0.0753982 2.04758e-10 
0.0816814 2.01739e-10 
0.0879646 1.98813e-10 
0.0942478 1.95473e-10 
0.100531 1.91945e-10 
0.106814 1.88747e-10 
0.113097 1.85462e-10 
0.119381 1.8175e-10 
0.125664 1.79709e-10 
0.131947 1.76135e-10 
0.13823 1.73383e-10 
0.144513 1.70564e-10 
0.150796 1.67318e-10 
0.15708 1.64047e-10 
0.163363 1.61165e-10 
0.169646 1.57954e-10 
0.175929 1.5461e-10 
0.182212 1.51664e-10 
0.188496 1.48941e-10 
0.194779 1.4634e-10 
0.201062 1.4387e-10 
0.207345 1.41019e-10 
0.213628 1.37762e-10 
0.219911 1.35041e-10 
0.226195 1.32862e-10 
0.232478 1.29544e-10 
0.238761 1.25411e-10 
0.245044 1.22801e-10 
0.251327 1.22382e-10 
0.257611 1.18721e-10 
0.263894 1.14693e-10 
0.270177 1.12818e-10 
0.27646 1.11812e-10 
0.282743 1.08557e-10 
0.289027 1.03624e-10 
0.29531 9.94781e-11 
0.301593 9.7311e-11 
0.307876 9.64671e-11 
0.314159 9.55031e-11 
0.320442 9.29963e-11 
0.326726 8.87901e-11 
0.333009 8.44957e-11 
0.339292 8.15573e-11 
0.345575 7.96978e-11 
0.351858 7.81545e-11 
0.358142 7.6295e-11 
0.364425 7.37982e-11 
0.370708 7.08689e-11 
0.376991 6.91487e-11 
0.383274 6.64724e-11 
0.389557 6.4267e-11 
0.395841 6.20111e-11 
0.402124 5.97714e-11 
0.408407 5.79584e-11 
0.41469 5.65856e-11 
0.420973 5.48984e-11 
0.427257 5.29215e-11 
0.43354 5.10761e-11 
0.439823 4.93685e-11 
0.446106 4.77434e-11 
0.452389 4.61186e-11 
0.458673 4.42002e-11 
0.464956 4.2235e-11 
0.471239 4.09981e-11 
0.477522 4.02743e-11 
0.483805 3.85778e-11 
0.490088 3.61716e-11 
0.496372 3.47371e-11 
0.502655 3.47699e-11 
0.508938 3.22988e-11 
0.515221 2.95855e-11 
0.521504 2.83345e-11 
0.527788 2.77437e-11 
0.534071 2.61281e-11 
0.540354 2.40827e-11 
0.546637 2.26796e-11 
0.55292 2.17311e-11 
0.559203 2.04835e-11 
0.565487 1.87614e-11 
0.57177 1.68259e-11 
0.578053 1.51212e-11 
0.584336 1.4068e-11 
0.590619 1.33194e-11 
0.596903 1.20562e-11 
0.603186 1.06027e-11 
0.609469 9.95342e-12 
0.615752 1.05843e-11 
0.622035 1.18424e-11 
0.628319 1.33792e-11 
0.634602 1.22862e-11 
0.640885 9.96504e-12 
0.647168 7.14779e-12 
0.653451 4.83769e-12 
0.659734 3.50179e-12 
0.666018 2.63018e-12 
0.672301 1.32196e-12 
0.678584 -2.00372e-13 
0.684867 -1.25906e-12 
0.69115 -1.77989e-12 
0.697434 -2.07335e-12 
0.703717 -2.5435e-12 
0.71 -3.49624e-12 
0.716283 -4.52789e-12 
0.722566 -4.89863e-12 
0.728849 -4.9042e-12 
0.735133 -5.82739e-12 
0.741416 -7.20053e-12 
0.747699 -7.51158e-12 
0.753982 -6.48023e-12 
0.760265 -7.49171e-12 
0.766549 -8.67537e-12 
0.772832 -8.75665e-12 
0.779115 -8.54034e-12 
0.785398 -9.23372e-12 
0.791681 -1.02339e-11 
0.797965 -1.07373e-11 
0.804248 -1.09435e-11 
0.810531 -1.12852e-11 
0.816814 -1.17305e-11 
0.823097 -1.21802e-11 
0.82938 -1.25889e-11 
0.835664 -1.28225e-11 
0.841947 -1.30725e-11 
0.84823 -1.37216e-11 
0.854513 -1.44329e-11 
0.860796 -1.48624e-11 
0.86708 -1.51063e-11 
0.873363 -1.55172e-11 
0.879646 -1.53825e-11 
0.885929 -1.60393e-11 
0.892212 -1.6114e-11 
0.898495 -1.59487e-11 
0.904779 -1.61085e-11 
0.911062 -1.67585e-11 
0.917345 -1.77118e-11 
0.923628 -1.85012e-11 
0.929911 -1.83515e-11 
0.936195 -1.73285e-11 
0.942478 -1.65481e-11 
0.948761 -1.68375e-11 
0.955044 -1.80427e-11 
0.961327 -1.93827e-11 
0.967611 -1.98576e-11 
0.973894 -1.90971e-11 
0.980177 -1.81429e-11 
0.98646 -1.85526e-11 
0.992743 -1.96771e-11 
0.999026 -1.98971e-11 
1.00531 -1.90363e-11 
1.01159 -2.00171e-11 
1.01788 -2.11529e-11 
1.02416 -2.12444e-11 
1.03044 -2.10231e-11 
1.03673 -2.14275e-11 
1.04301 -2.19923e-11 
1.04929 -2.22285e-11 
1.05558 -2.24275e-11 
1.06186 -2.28591e-11 
1.06814 -2.33713e-11 
1.07442 -2.38865e-11 
1.08071 -2.43943e-11 
1.08699 -2.47186e-11 
1.09327 -2.49208e-11 
1.09956 -2.52701e-11 
1.10584 -2.55461e-11 
1.11212 -2.56845e-11 
1.11841 -2.58758e-11 
1.12469 -2.62938e-11 
1.13097 -2.62203e-11 
1.13726 -2.67714e-11 
1.14354 -2.69386e-11 
1.14982 -2.6945e-11 
1.15611 -2.70123e-11 
1.16239 -2.69561e-11 
1.16867 -2.67892e-11 
1.17496 -2.6697e-11 
1.18124 -2.65655e-11 
1.18752 -2.64218e-11 
1.19381 -2.64757e-11 
1.20009 -2.65718e-11 
1.20637 -2.64614e-11 
1.21265 -2.62506e-11 
1.21894 -2.59808e-11 
1.22522 -2.55017e-11 
1.2315 -2.49633e-11 
1.23779 -2.46712e-11 
1.24407 -2.3686e-11 
1.25035 -2.14974e-11 
1.25664 -1.9502e-11 
1.26292 -2.07285e-11 
1.2692 -2.3055e-11 
1.27549 -2.43977e-11 
1.28177 -2.49975e-11 
1.28805 -2.57265e-11 
1.29434 -2.64955e-11 
1.30062 -2.70668e-11 
1.3069 -2.75725e-11 
1.31319 -2.79919e-11 
1.31947 -2.81785e-11 
1.32575 -2.83306e-11 
1.33204 -2.86597e-11 
1.33832 -2.90016e-11 
1.3446 -2.92903e-11 
1.35088 -2.9671e-11 
1.35717 -2.99385e-11 
1.36345 -3.00975e-11 
1.36973 -3.02736e-11 
1.37602 -3.04498e-11 
1.3823 -3.00411e-11 
1.38858 -3.00657e-11 
1.39487 -2.99011e-11 
1.40115 -2.9743e-11 
1.40743 -2.97066e-11 
1.41372 -2.95011e-11 
1.42 -2.92053e-11 
1.42628 -2.90231e-11 
1.43257 -2.87572e-11 
1.43885 -2.82882e-11 
1.44513 -2.77579e-11 
1.45142 -2.71857e-11 
1.4577 -2.66328e-11 
1.46398 -2.62913e-11 
1.47027 -2.5973e-11 
1.47655 -2.53335e-11 
1.48283 -2.46786e-11 
1.48911 -2.46699e-11 
1.4954 -2.45745e-11 
1.50168 -2.35569e-11 
1.50796 -2.22622e-11 
1.51425 -2.24969e-11 
1.52053 -2.24106e-11 
1.52681 -2.11822e-11 
1.5331 -2.03325e-11 
1.53938 -2.07655e-11 
1.54566 -2.14473e-11 
1.55195 -2.11687e-11 
1.55823 -1.99355e-11 
1.56451 -1.8523e-11 
1.5708 -1.77489e-11 
1.57708 -1.80179e-11 
1.58336 -1.88211e-11 
1.58965 -1.90974e-11 
1.59593 -1.85009e-11 
1.60221 -1.75916e-11 
1.6085 -1.68006e-11 
1.61478 -1.64389e-11 
1.62106 -1.64646e-11 
1.62734 -1.64886e-11 
1.63363 -1.59871e-11 
1.63991 -1.58336e-11 
1.64619 -1.56376e-11 
1.65248 -1.54401e-11 
1.65876 -1.52116e-11 
1.66504 -1.46757e-11 
1.67133 -1.41367e-11 
1.67761 -1.39337e-11 
1.68389 -1.38397e-11 
1.69018 -1.3636e-11 
1.69646 -1.33962e-11 
1.70274 -1.31606e-11 
1.70903 -1.30191e-11 
1.71531 -1.30608e-11 
1.72159 -1.29456e-11 
1.72788 -1.23685e-11 
1.73416 -1.18626e-11 
1.74044 -1.21871e-11 
1.74673 -1.25408e-11 
1.75301 -1.20043e-11 
1.75929 -1.1394e-11 
1.76558 -1.21868e-11 
1.77186 -1.26558e-11 
1.77814 -1.19846e-11 
1.78442 -1.14966e-11 
1.79071 -1.17764e-11 
1.79699 -1.19977e-11 
1.80327 -1.16634e-11 
1.80956 -1.12644e-11 
1.81584 -1.12393e-11 
1.82212 -1.14662e-11 
1.82841 -1.16337e-11 
1.83469 -1.14263e-11 
1.84097 -1.07746e-11 
1.84726 -1.01778e-11 
1.85354 -9.99228e-12 
1.85982 -9.58429e-12 
1.86611 -8.39085e-12 
1.87239 -6.57564e-12 
1.87867 -4.84294e-12 
1.88496 -3.98755e-12 
1.89124 -4.8451e-12 
1.89752 -6.35595e-12 
1.90381 -7.53042e-12 
1.91009 -7.91203e-12 
1.91637 -7.50761e-12 
1.92265 -7.10654e-12 
1.92894 -7.12449e-12 
1.93522 -7.05826e-12 
1.9415 -6.50907e-12 
1.94779 -5.6783e-12 
1.95407 -4.90961e-12 
1.96035 -4.48107e-12 
1.96664 -4.38583e-12 
1.97292 -4.08137e-12 
1.9792 -3.24685e-12 
1.98549 -2.55314e-12 
1.99177 -2.70358e-12 
1.99805 -2.70352e-12 
2.00434 -1.57049e-12 
2.01062 -4.82078e-13 
2.0169 -7.51592e-13 
2.02319 -7.7021e-13 
2.02947 1.64639e-13 
2.03575 7.26471e-13 
2.04204 5.15926e-13 
2.04832 4.1429e-13 
2.0546 8.21597e-13 
2.06088 1.27701e-12 
2.06717 1.51056e-12 
2.07345 1.67145e-12 
2.07973 1.83887e-12 
2.08602 2.06376e-12 
2.0923 2.38036e-12 
2.09858 2.50937e-12 
2.10487 2.319e-12 
2.11115 2.29596e-12 
2.11743 2.56981e-12 
2.12372 2.83104e-12 
2.13 3.06077e-12 
2.13628 3.30208e-12 
2.14257 3.46357e-12 
2.14885 3.94702e-12 
2.15513 4.40429e-12 
2.16142 4.34881e-12 
2.1677 3.98444e-12 
2.17398 3.62537e-12 
2.18027 3.81742e-12 
2.18655 4.95225e-12 
2.19283 6.3487e-12 
2.19911 6.87773e-12 
2.2054 6.30338e-12 
2.21168 5.31786e-12 
2.21796 4.86503e-12 
2.22425 5.60713e-12 
2.23053 7.15031e-12 
2.23681 8.02645e-12 
2.2431 7.46911e-12 
2.24938 6.94728e-12 
2.25566 7.76826e-12 
2.26195 8.42383e-12 
2.26823 7.78204e-12 
2.27451 7.56502e-12 
2.2808 8.46273e-12 
2.28708 9.11143e-12 
2.29336 9.12553e-12 
2.29965 9.29052e-12 
2.30593 9.8087e-12 
2.31221 1.02125e-11 
2.3185 1.0403e-11 
2.32478 1.06255e-11 
2.33106 1.09157e-11 
2.33734 1.13197e-11 
2.34363 1.19587e-11 
2.34991 1.26173e-11 
2.35619 1.3135e-11 
2.36248 1.3823e-11 
2.36876 1.46216e-11 
2.37504 1.52035e-11 
2.38133 1.58227e-11 
2.38761 1.64387e-11 
2.39389 1.70684e-11 
2.40018 1.79998e-11 
2.40646 1.8959e-11 
2.41274 1.98104e-11 
2.41903 2.08297e-11 
2.42531 2.18506e-11 
2.43159 2.27304e-11 
2.43788 2.3637e-11 
2.44416 2.44361e-11 
2.45044 2.50097e-11 
2.45673 2.56762e-11 
2.46301 2.65816e-11 
2.46929 2.75087e-11 
2.47558 2.84873e-11 
2.48186 2.96141e-11 
2.48814 3.05652e-11 
2.49442 3.14075e-11 
2.50071 3.31708e-11 
2.50699 3.55888e-11 
2.51327 3.55097e-11 
2.51956 3.23129e-11 
2.52584 2.93332e-11 
2.53212 2.82479e-11 
2.53841 2.77032e-11 
2.54469 2.68429e-11 
2.55097 2.60892e-11 
2.55726 2.55713e-11 
2.56354 2.50821e-11 
2.56982 2.47249e-11 
2.57611 2.45502e-11 
2.58239 2.41989e-11 
2.58867 2.35912e-11 
2.59496 2.30303e-11 
2.60124 2.24808e-11 
2.60752 2.1853e-11 
2.61381 2.14271e-11 
2.62009 2.11196e-11 
2.62637 2.06699e-11 
2.63265 2.05688e-11 
2.63894 2.0466e-11 
2.64522 2.02971e-11 
2.6515 2.02583e-11 
2.65779 2.00079e-11 
2.66407 1.96757e-11 
2.67035 1.96253e-11 
2.67664 1.95845e-11 
2.68292 1.93968e-11 
2.6892 1.94462e-11 
2.69549 1.97123e-11 
2.70177 1.99557e-11 
2.70805 2.01806e-11 
2.71434 2.0243e-11 
2.72062 2.00321e-11 
2.7269 2.00285e-11 
2.73319 2.04606e-11 
2.73947 2.04854e-11 
2.74575 1.98184e-11 
2.75204 1.99273e-11 
2.75832 2.14967e-11 
2.7646 2.17432e-11 
2.77088 2.06144e-11 
2.77717 2.10227e-11 
2.78345 2.2532e-11 
2.78973 2.24092e-11 
2.79602 2.06761e-11 
2.8023 1.98945e-11 
2.80858 2.11696e-11 
2.81487 2.34109e-11 
2.82115 2.49757e-11 
2.82743 2.4887e-11 
2.83372 2.33786e-11 
2.84 2.21044e-11 
2.84628 2.25884e-11 
2.85257 2.43982e-11 
2.85885 2.61531e-11 
2.86513 2.72224e-11 
2.87142 2.75194e-11 
2.8777 2.73767e-11 
2.88398 2.8063e-11 
2.89027 2.88455e-11 
2.89655 2.95086e-11 
2.90283 3.04511e-11 
2.90911 3.1264e-11 
2.9154 3.23804e-11 
2.92168 3.39576e-11 
2.92796 3.5178e-11 
2.93425 3.57063e-11 
2.94053 3.63367e-11 
2.94681 3.72772e-11 
2.9531 3.82379e-11 
2.95938 3.91274e-11 
2.96566 3.97413e-11 
2.97195 4.01913e-11 
2.97823 4.13739e-11 
2.98451 4.32892e-11 
2.9908 4.40444e-11 
2.99708 4.31902e-11 
3.00336 4.33861e-11 
3.00965 4.59385e-11 
3.01593 4.6022e-11 
3.02221 4.38212e-11 
3.0285 4.45648e-11 
3.03478 4.73231e-11 
3.04106 4.80656e-11 
3.04734 4.69049e-11 
3.05363 4.71049e-11 
3.05991 4.8752e-11 
3.06619 4.96708e-11 
3.07248 4.91306e-11 
3.07876 4.82665e-11 
3.08504 4.8338e-11 
3.09133 5.02283e-11 
3.09761 5.33166e-11 
3.10389 5.5154e-11 
3.11018 5.57707e-11 
3.11646 5.92573e-11 
3.12274 6.8422e-11 
3.12903 8.08177e-11 
3.13531 9.47158e-11 
3.14159 1.02264e-10 
3.14788 9.47158e-11 
3.15416 8.08177e-11 
3.16044 6.8422e-11 
3.16673 5.92573e-11 
3.17301 5.57707e-11 
3.17929 5.5154e-11 
3.18557 5.33166e-11 
3.19186 5.02283e-11 
3.19814 4.8338e-11 
3.20442 4.82665e-11 
3.21071 4.91306e-11 
3.21699 4.96708e-11 
3.22327 4.8752e-11 
3.22956 4.71049e-11 
3.23584 4.69049e-11 
3.24212 4.80656e-11 
3.24841 4.73231e-11 
3.25469 4.45648e-11 
3.26097 4.38212e-11 
3.26726 4.6022e-11 
3.27354 4.59385e-11 
3.27982 4.33861e-11 
3.28611 4.31902e-11 
3.29239 4.40444e-11 
3.29867 4.32892e-11 
3.30496 4.13739e-11 
3.31124 4.01913e-11 
3.31752 3.97413e-11 
3.32381 3.91274e-11 
3.33009 3.82379e-11 
3.33637 3.72772e-11 
3.34265 3.63367e-11 
3.34894 3.57063e-11 
3.35522 3.5178e-11 
3.3615 3.39576e-11 
3.36779 3.23804e-11 
3.37407 3.1264e-11 
3.38035 3.04511e-11 
3.38664 2.95086e-11 
3.39292 2.88455e-11 
3.3992 2.8063e-11 
3.40549 2.73767e-11 
3.41177 2.75194e-11 
3.41805 2.72224e-11 
3.42434 2.61531e-11 
3.43062 2.43982e-11 
3.4369 2.25884e-11 
3.44319 2.21044e-11 
3.44947 2.33786e-11 
3.45575 2.4887e-11 
3.46204 2.49757e-11 
3.46832 2.34109e-11 
3.4746 2.11696e-11 
3.48088 1.98945e-11 
3.48717 2.06761e-11 
3.49345 2.24092e-11 
3.49973 2.2532e-11 
3.50602 2.10227e-11 
3.5123 2.06144e-11 
3.51858 2.17432e-11 
3.52487 2.14967e-11 
3.53115 1.99273e-11 
3.53743 1.98184e-11 
3.54372 2.04854e-11 
3.55 2.04606e-11 
3.55628 2.00285e-11 
3.56257 2.00321e-11 
3.56885 2.0243e-11 
3.57513 2.01806e-11 
3.58142 1.99557e-11 
3.5877 1.97123e-11 
3.59398 1.94462e-11 
3.60027 1.93968e-11 
3.60655 1.95845e-11 
3.61283 1.96253e-11 
3.61911 1.96757e-11 
3.6254 2.00079e-11 
3.63168 2.02583e-11 
3.63796 2.02971e-11 
3.64425 2.0466e-11 
3.65053 2.05688e-11 
3.65681 2.06699e-11 
3.6631 2.11196e-11 
3.66938 2.14271e-11 
3.67566 2.1853e-11 
3.68195 2.24808e-11 
3.68823 2.30303e-11 
3.69451 2.35912e-11 
3.7008 2.41989e-11 
3.70708 2.45502e-11 
3.71336 2.47249e-11 
3.71965 2.50821e-11 
3.72593 2.55713e-11 
3.73221 2.60892e-11 
3.7385 2.68429e-11 
3.74478 2.77032e-11 
3.75106 2.82479e-11 
3.75734 2.93332e-11 
3.76363 3.23129e-11 
3.76991 3.55097e-11 
3.77619 3.55888e-11 
3.78248 3.31708e-11 
3.78876 3.14075e-11 
3.79504 3.05652e-11 
3.80133 2.96141e-11 
3.80761 2.84873e-11 
3.81389 2.75087e-11 
3.82018 2.65816e-11 
3.82646 2.56762e-11 
3.83274 2.50097e-11 
3.83903 2.44361e-11 
3.84531 2.3637e-11 
3.85159 2.27304e-11 
3.85788 2.18506e-11 
3.86416 2.08297e-11 
3.87044 1.98104e-11 
3.87673 1.8959e-11 
3.88301 1.79998e-11 
3.88929 1.70684e-11 
3.89557 1.64387e-11 
3.90186 1.58227e-11 
3.90814 1.52035e-11 
3.91442 1.46216e-11 
3.92071 1.3823e-11 
3.92699 1.3135e-11 
3.93327 1.26173e-11 
3.93956 1.19587e-11 
3.94584 1.13197e-11 
3.95212 1.09157e-11 
3.95841 1.06255e-11 
3.96469 1.0403e-11 
3.97097 1.02125e-11 
3.97726 9.8087e-12 
3.98354 9.29052e-12 
3.98982 9.12553e-12 
3.99611 9.11143e-12 
4.00239 8.46273e-12 
4.00867 7.56502e-12 
4.01496 7.78204e-12 
4.02124 8.42383e-12 
4.02752 7.76826e-12 
4.0338 6.94728e-12 
4.04009 7.46911e-12 
4.04637 8.02645e-12 
4.05265 7.15031e-12 
4.05894 5.60713e-12 
4.06522 4.86503e-12 
4.0715 5.31786e-12 
4.07779 6.30338e-12 
4.08407 6.87773e-12 
4.09035 6.3487e-12 
4.09664 4.95225e-12 
4.10292 3.81742e-12 
4.1092 3.62537e-12 
4.11549 3.98444e-12 
4.12177 4.34881e-12 
4.12805 4.40429e-12 
4.13434 3.94702e-12 
4.14062 3.46357e-12 
4.1469 3.30208e-12 
4.15319 3.06077e-12 
4.15947 2.83104e-12 
4.16575 2.56981e-12 
4.17204 2.29596e-12 
4.17832 2.319e-12 
4.1846 2.50937e-12 
4.19088 2.38036e-12 
4.19717 2.06376e-12 
4.20345 1.83887e-12 
4.20973 1.67145e-12 
4.21602 1.51056e-12 
4.2223 1.27701e-12 
4.22858 8.21597e-13 
4.23487 4.1429e-13 
4.24115 5.15926e-13 
4.24743 7.26471e-13 
4.25372 1.64639e-13 
4.26 -7.7021e-13 
4.26628 -7.51592e-13 
4.27257 -4.82078e-13 
4.27885 -1.57049e-12 
4.28513 -2.70352e-12 
4.29142 -2.70358e-12 
4.2977 -2.55314e-12 
4.30398 -3.24685e-12 
4.31027 -4.08137e-12 
4.31655 -4.38583e-12 
4.32283 -4.48107e-12 
4.32911 -4.90961e-12 
4.3354 -5.6783e-12 
4.34168 -6.50907e-12 
4.34796 -7.05826e-12 
4.35425 -7.12449e-12 
4.36053 -7.10654e-12 
4.36681 -7.50761e-12 
4.3731 -7.91203e-12 
4.37938 -7.53042e-12 
4.38566 -6.35595e-12 
4.39195 -4.8451e-12 
4.39823 -3.98755e-12 
4.40451 -4.84294e-12 
4.4108 -6.57564e-12 
4.41708 -8.39085e-12 
4.42336 -9.58429e-12 
4.42965 -9.99228e-12 
4.43593 -1.01778e-11 
4.44221 -1.07746e-11 
4.4485 -1.14263e-11 
4.45478 -1.16337e-11 
4.46106 -1.14662e-11 
4.46734 -1.12393e-11 
4.47363 -1.12644e-11 
4.47991 -1.16634e-11 
4.48619 -1.19977e-11 
4.49248 -1.17764e-11 
4.49876 -1.14966e-11 
4.50504 -1.19846e-11 
4.51133 -1.26558e-11 
4.51761 -1.21868e-11 
4.52389 -1.1394e-11 
4.53018 -1.20043e-11 
4.53646 -1.25408e-11 
4.54274 -1.21871e-11 
4.54903 -1.18626e-11 
4.55531 -1.23685e-11 
4.56159 -1.29456e-11 
4.56788 -1.30608e-11 
4.57416 -1.30191e-11 
4.58044 -1.31606e-11 
4.58673 -1.33962e-11 
4.59301 -1.3636e-11 
4.59929 -1.38397e-11 
4.60557 -1.39337e-11 
4.61186 -1.41367e-11 
4.61814 -1.46757e-11 
4.62442 -1.52116e-11 
4.63071 -1.54401e-11 
4.63699 -1.56376e-11 
4.64327 -1.58336e-11 
4.64956 -1.59871e-11 
4.65584 -1.64886e-11 
4.66212 -1.64646e-11 
4.66841 -1.64389e-11 
4.67469 -1.68006e-11 
4.68097 -1.75916e-11 
4.68726 -1.85009e-11 
4.69354 -1.90974e-11 
4.69982 -1.88211e-11 
4.70611 -1.80179e-11 
4.71239 -1.77489e-11 
4.71867 -1.8523e-11 
4.72496 -1.99355e-11 
4.73124 -2.11687e-11 
4.73752 -2.14473e-11 
4.7438 -2.07655e-11 
4.75009 -2.03325e-11 
4.75637 -2.11822e-11 
4.76265 -2.24106e-11 
4.76894 -2.24969e-11 
4.77522 -2.22622e-11 
4.7815 -2.35569e-11 
4.78779 -2.45745e-11 
4.79407 -2.46699e-11 
4.80035 -2.46786e-11 
4.80664 -2.53335e-11 
4.81292 -2.5973e-11 
4.8192 -2.62913e-11 
4.82549 -2.66328e-11 
4.83177 -2.71857e-11 
4.83805 -2.77579e-11 
4.84434 -2.82882e-11 
4.85062 -2.87572e-11 
4.8569 -2.90231e-11 
4.86319 -2.92053e-11 
4.86947 -2.95011e-11 
4.87575 -2.97066e-11 
4.88203 -2.9743e-11 
4.88832 -2.99011e-11 
4.8946 -3.00657e-11 
4.90088 -3.00411e-11 
4.90717 -3.04498e-11 
4.91345 -3.02736e-11 
4.91973 -3.00975e-11 
4.92602 -2.99385e-11 
4.9323 -2.9671e-11 
4.93858 -2.92903e-11 
4.94487 -2.90016e-11 
4.95115 -2.86597e-11 
4.95743 -2.83306e-11 
4.96372 -2.81785e-11 
4.97 -2.79919e-11 
4.97628 -2.75725e-11 
4.98257 -2.70668e-11 
4.98885 -2.64955e-11 
4.99513 -2.57265e-11 
5.00142 -2.49975e-11 
5.0077 -2.43977e-11 
5.01398 -2.3055e-11 
5.02027 -2.07285e-11 
5.02655 -1.9502e-11 
5.03283 -2.14974e-11 
5.03911 -2.3686e-11 
5.0454 -2.46712e-11 
5.05168 -2.49633e-11 
5.05796 -2.55017e-11 
5.06425 -2.59808e-11 
5.07053 -2.62506e-11 
5.07681 -2.64614e-11 
5.0831 -2.65718e-11 
5.08938 -2.64757e-11 
5.09566 -2.64218e-11 
5.10195 -2.65655e-11 
5.10823 -2.6697e-11 
5.11451 -2.67892e-11 
5.1208 -2.69561e-11 
5.12708 -2.70123e-11 
5.13336 -2.6945e-11 
5.13965 -2.69386e-11 
5.14593 -2.67714e-11 
5.15221 -2.62203e-11 
5.1585 -2.62938e-11 
5.16478 -2.58758e-11 
5.17106 -2.56845e-11 
5.17734 -2.55461e-11 
5.18363 -2.52701e-11 
5.18991 -2.49208e-11 
5.19619 -2.47186e-11 
5.20248 -2.43943e-11 
5.20876 -2.38865e-11 
5.21504 -2.33713e-11 
5.22133 -2.28591e-11 
5.22761 -2.24275e-11 
5.23389 -2.22285e-11 
5.24018 -2.19923e-11 
5.24646 -2.14275e-11 
5.25274 -2.10231e-11 
5.25903 -2.12444e-11 
5.26531 -2.11529e-11 
5.27159 -2.00171e-11 
5.27788 -1.90363e-11 
5.28416 -1.98971e-11 
5.29044 -1.96771e-11 
5.29673 -1.85526e-11 
5.30301 -1.81429e-11 
5.30929 -1.90971e-11 
5.31557 -1.98576e-11 
5.32186 -1.93827e-11 
5.32814 -1.80427e-11 
5.33442 -1.68375e-11 
5.34071 -1.65481e-11 
5.34699 -1.73285e-11 
5.35327 -1.83515e-11 
5.35956 -1.85012e-11 
5.36584 -1.77118e-11 
5.37212 -1.67585e-11 
5.37841 -1.61085e-11 
5.38469 -1.59487e-11 
5.39097 -1.6114e-11 
5.39726 -1.60393e-11 
5.40354 -1.53825e-11 
5.40982 -1.55172e-11 
5.41611 -1.51063e-11 
5.42239 -1.48624e-11 
5.42867 -1.44329e-11 
5.43496 -1.37216e-11 
5.44124 -1.30725e-11 
5.44752 -1.28225e-11 
5.4538 -1.25889e-11 
5.46009 -1.21802e-11 
5.46637 -1.17305e-11 
5.47265 -1.12852e-11 
5.47894 -1.09435e-11 
5.48522 -1.07373e-11 
5.4915 -1.02339e-11 
5.49779 -9.23372e-12 
5.50407 -8.54034e-12 
5.51035 -8.75665e-12 
5.51664 -8.67537e-12 
5.52292 -7.49171e-12 
5.5292 -6.48023e-12 
5.53549 -7.51158e-12 
5.54177 -7.20053e-12 
5.54805 -5.82739e-12 
5.55434 -4.9042e-12 
5.56062 -4.89863e-12 
5.5669 -4.52789e-12 
5.57319 -3.49624e-12 
5.57947 -2.5435e-12 
5.58575 -2.07335e-12 
5.59203 -1.77989e-12 
5.59832 -1.25906e-12 
5.6046 -2.00372e-13 
5.61088 1.32196e-12 
5.61717 2.63018e-12 
5.62345 3.50179e-12 
5.62973 4.83769e-12 
5.63602 7.14779e-12 
5.6423 9.96504e-12 
5.64858 1.22862e-11 
5.65487 1.33792e-11 
5.66115 1.18424e-11 
5.66743 1.05843e-11 
5.67372 9.95342e-12 
5.68 1.06027e-11 
5.68628 1.20562e-11 
5.69257 1.33194e-11 
5.69885 1.4068e-11 
5.70513 1.51212e-11 
5.71142 1.68259e-11 
5.7177 1.87614e-11 
5.72398 2.04835e-11 
5.73027 2.17311e-11 
5.73655 2.26796e-11 
5.74283 2.40827e-11 
5.74911 2.61281e-11 
5.7554 2.77437e-11 
5.76168 2.83345e-11 
5.76796 2.95855e-11 
5.77425 3.22988e-11 
5.78053 3.47699e-11 
5.78681 3.47371e-11 
5.7931 3.61716e-11 
5.79938 3.85778e-11 
5.80566 4.02743e-11 
5.81195 4.09981e-11 
5.81823 4.2235e-11 
5.82451 4.42002e-11 
5.8308 4.61186e-11 
5.83708 4.77434e-11 
5.84336 4.93685e-11 
5.84965 5.10761e-11 
5.85593 5.29215e-11 
5.86221 5.48984e-11 
5.8685 5.65856e-11 
5.87478 5.79584e-11 
5.88106 5.97714e-11 
5.88734 6.20111e-11 
5.89363 6.4267e-11 
5.89991 6.64724e-11 
5.90619 6.91487e-11 
5.91248 7.08689e-11 
5.91876 7.37982e-11 
5.92504 7.6295e-11 
5.93133 7.81545e-11 
5.93761 7.96978e-11 
5.94389 8.15573e-11 
5.95018 8.44957e-11 
5.95646 8.87901e-11 
5.96274 9.29963e-11 
5.96903 9.55031e-11 
5.97531 9.64671e-11 
5.98159 9.7311e-11 
5.98788 9.94781e-11 
5.99416 1.03624e-10 
6.00044 1.08557e-10 
6.00673 1.11812e-10 
6.01301 1.12818e-10 
6.01929 1.14693e-10 
6.02557 1.18721e-10 
6.03186 1.22382e-10 
6.03814 1.22801e-10 
6.04442 1.25411e-10 
6.05071 1.29544e-10 
6.05699 1.32862e-10 
6.06327 1.35041e-10 
6.06956 1.37762e-10 
6.07584 1.41019e-10 
6.08212 1.4387e-10 
6.08841 1.4634e-10 
6.09469 1.48941e-10 
6.10097 1.51664e-10 
6.10726 1.5461e-10 
6.11354 1.57954e-10 
6.11982 1.61165e-10 
6.12611 1.64047e-10 
6.13239 1.67318e-10 
6.13867 1.70564e-10 
6.14496 1.73383e-10 
6.15124 1.76135e-10 
6.15752 1.79709e-10 
6.1638 1.8175e-10 
6.17009 1.85462e-10 
6.17637 1.88747e-10 
6.18265 1.91945e-10 
6.18894 1.95473e-10 
6.19522 1.98813e-10 
6.2015 2.01739e-10 
6.20779 2.04758e-10 
6.21407 2.07362e-10 
6.22035 2.09387e-10 
6.22664 2.11972e-10 
6.23292 2.15402e-10 
6.2392 2.18921e-10 
6.24549 2.22905e-10 
6.25177 2.27741e-10 
6.25805 2.32248e-10 
6.26434 2.37358e-10 
6.27062 2.50749e-10 
6.2769 2.72215e-10 
6.28319 2.92552e-10 
