2 393.705 
3 394.029 
4 391.405 
5 389.694 
6 389.392 
7 390.364 
8 392.373 
9 394.99 
10 398.697 
11 402.689 
12 407.166 
13 411.71 
14 416.781 
15 422.359 
16 427.586 
17 432.771 
18 438.419 
19 444.674 
20 451.226 
21 457.491 
22 463.54 
23 469.587 
24 475.734 
25 481.953 
26 488.131 
27 494.323 
28 500.582 
29 506.891 
30 513.152 
31 519.232 
32 525.186 
33 531.11 
34 537.083 
35 543.162 
36 549.382 
37 555.751 
38 562.244 
39 568.806 
40 575.342 
41 581.754 
42 588.055 
43 594.287 
44 600.484 
45 606.677 
46 612.889 
47 619.135 
48 625.422 
49 631.748 
50 638.102 
51 644.468 
52 650.863 
53 657.306 
54 663.814 
55 670.399 
56 677.068 
57 683.824 
58 690.664 
59 697.578 
60 704.553 
61 711.573 
62 718.647 
63 725.788 
64 733.007 
65 740.315 
66 747.717 
67 755.219 
68 762.824 
69 770.529 
70 778.332 
71 786.23 
72 794.228 
73 802.335 
74 810.555 
75 818.894 
76 827.355 
77 835.938 
78 844.645 
79 853.471 
80 862.414 
81 871.468 
82 880.638 
83 889.927 
84 899.339 
85 908.877 
86 918.542 
87 928.334 
88 938.253 
89 948.297 
90 958.462 
91 968.746 
92 979.148 
93 989.669 
94 1000.31 
95 1011.07 
96 1021.94 
97 1032.93 
98 1044.03 
99 1055.23 
100 1066.53 
101 1077.93 
102 1089.42 
103 1101 
104 1112.68 
105 1124.46 
106 1136.32 
107 1148.29 
108 1160.34 
109 1172.48 
110 1184.71 
111 1197.02 
112 1209.41 
113 1221.88 
114 1234.42 
115 1247.02 
116 1259.68 
117 1272.39 
118 1285.15 
119 1297.94 
120 1310.75 
121 1323.58 
122 1336.43 
123 1349.29 
124 1362.15 
125 1375.02 
126 1387.89 
127 1400.76 
128 1413.62 
129 1426.47 
130 1439.31 
131 1452.12 
132 1464.91 
133 1477.67 
134 1490.39 
135 1503.06 
136 1515.69 
137 1528.26 
138 1540.76 
139 1553.19 
140 1565.54 
141 1577.81 
142 1589.98 
143 1602.05 
144 1614.03 
145 1625.89 
146 1637.65 
147 1649.29 
148 1660.81 
149 1672.21 
150 1683.47 
151 1694.6 
152 1705.59 
153 1716.43 
154 1727.12 
155 1737.65 
156 1748.01 
157 1758.2 
158 1768.21 
159 1778.04 
160 1787.68 
161 1797.12 
162 1806.36 
163 1815.39 
164 1824.21 
165 1832.81 
166 1841.2 
167 1849.37 
168 1857.31 
169 1865.03 
170 1872.51 
171 1879.75 
172 1886.76 
173 1893.52 
174 1900.03 
175 1906.29 
176 1912.29 
177 1918.03 
178 1923.51 
179 1928.72 
180 1933.66 
181 1938.33 
182 1942.72 
183 1946.82 
184 1950.65 
185 1954.19 
186 1957.45 
187 1960.42 
188 1963.11 
189 1965.5 
190 1967.61 
191 1969.42 
192 1970.94 
193 1972.16 
194 1973.09 
195 1973.73 
196 1974.06 
197 1974.1 
198 1973.85 
199 1973.29 
200 1972.43 
201 1971.28 
202 1969.82 
203 1968.07 
204 1966.02 
205 1963.67 
206 1961.03 
207 1958.09 
208 1954.86 
209 1951.34 
210 1947.53 
211 1943.43 
212 1939.04 
213 1934.37 
214 1929.41 
215 1924.18 
216 1918.66 
217 1912.88 
218 1906.82 
219 1900.49 
220 1893.89 
221 1887.03 
222 1879.91 
223 1872.54 
224 1864.91 
225 1857.03 
226 1848.91 
227 1840.55 
228 1831.95 
229 1823.11 
230 1814.04 
231 1804.75 
232 1795.23 
233 1785.5 
234 1775.55 
235 1765.39 
236 1755.03 
237 1744.46 
238 1733.7 
239 1722.75 
240 1711.62 
241 1700.3 
242 1688.81 
243 1677.16 
244 1665.33 
245 1653.36 
246 1641.23 
247 1628.95 
248 1616.54 
249 1604 
250 1591.33 
251 1578.54 
252 1565.65 
253 1552.64 
254 1539.53 
255 1526.32 
256 1513.02 
257 1499.63 
258 1486.16 
259 1472.62 
260 1459 
261 1445.31 
262 1431.57 
263 1417.77 
264 1403.93 
265 1390.04 
266 1376.12 
267 1362.16 
268 1348.19 
269 1334.19 
270 1320.19 
271 1306.18 
272 1292.17 
273 1278.18 
274 1264.2 
275 1250.24 
276 1236.32 
277 1222.43 
278 1208.58 
279 1194.78 
280 1181.03 
281 1167.33 
282 1153.69 
283 1140.12 
284 1126.62 
285 1113.2 
286 1099.85 
287 1086.59 
288 1073.42 
289 1060.35 
290 1047.38 
291 1034.52 
292 1021.77 
293 1009.14 
294 996.629 
295 984.248 
296 972.001 
297 959.894 
298 947.931 
299 936.12 
300 924.464 
301 912.97 
302 901.639 
303 890.476 
304 879.48 
305 868.656 
306 858.005 
307 847.528 
308 837.229 
309 827.108 
310 817.169 
311 807.411 
312 797.838 
313 788.451 
314 779.251 
315 770.241 
316 761.421 
317 752.793 
318 744.358 
319 736.117 
320 728.073 
321 720.224 
322 712.574 
323 705.123 
324 697.871 
325 690.819 
326 683.969 
327 677.32 
328 670.874 
329 664.631 
330 658.591 
331 652.755 
332 647.122 
333 641.694 
334 636.469 
335 631.449 
336 626.632 
337 622.02 
338 617.611 
339 613.405 
340 609.402 
341 605.601 
342 602.002 
343 598.603 
344 595.405 
345 592.405 
346 589.604 
347 587 
348 584.592 
349 582.378 
350 580.357 
351 578.528 
352 576.89 
353 575.44 
354 574.179 
355 573.104 
356 572.214 
357 571.506 
358 570.981 
359 570.635 
360 570.466 
361 570.473 
362 570.654 
363 571.006 
364 571.526 
365 572.214 
366 573.065 
367 574.077 
368 575.248 
369 576.575 
370 578.054 
371 579.683 
372 581.459 
373 583.377 
374 585.436 
375 587.631 
376 589.958 
377 592.415 
378 594.996 
379 597.699 
380 600.519 
381 603.452 
382 606.494 
383 609.64 
384 612.885 
385 616.226 
386 619.657 
387 623.173 
388 626.77 
389 630.443 
390 634.185 
391 637.992 
392 641.859 
393 645.779 
394 649.746 
395 653.756 
396 657.802 
397 661.878 
398 665.977 
399 670.094 
400 674.222 
401 678.354 
402 682.489 
403 686.626 
404 690.763 
405 694.899 
406 699.032 
407 703.162 
408 707.286 
409 711.403 
410 715.512 
411 719.611 
412 723.699 
413 727.774 
414 731.834 
415 735.879 
416 739.906 
417 743.913 
418 747.899 
419 751.863 
420 755.802 
421 759.715 
422 763.601 
423 767.456 
424 771.28 
425 775.07 
426 778.825 
427 782.542 
428 786.221 
429 789.858 
430 793.452 
431 797.001 
432 800.503 
433 803.955 
434 807.356 
435 810.703 
436 813.995 
437 817.228 
438 820.402 
439 823.513 
440 826.559 
441 829.539 
442 832.449 
443 835.288 
444 838.052 
445 840.741 
446 843.35 
447 845.878 
448 848.321 
449 850.679 
450 852.947 
451 855.125 
452 857.212 
453 859.209 
454 861.118 
455 862.939 
456 864.674 
457 866.325 
458 867.891 
459 869.375 
460 870.778 
461 872.1 
462 873.345 
463 874.511 
464 875.603 
465 876.62 
466 877.564 
467 878.437 
468 879.24 
469 879.975 
470 880.644 
471 881.248 
472 881.79 
473 882.27 
474 882.691 
475 883.054 
476 883.361 
477 883.615 
478 883.818 
479 883.97 
480 884.075 
481 884.134 
482 884.149 
483 884.124 
484 884.059 
485 883.957 
486 883.821 
487 883.653 
488 883.454 
489 883.228 
490 882.978 
491 882.704 
492 882.411 
493 882.1 
494 881.775 
495 881.437 
496 881.09 
497 880.736 
498 880.379 
499 880.02 
500 879.664 
501 879.312 
502 878.966 
503 878.628 
504 878.299 
505 877.981 
506 877.676 
507 877.384 
508 877.108 
509 876.85 
510 876.61 
511 876.39 
512 876.193 
513 876.02 
514 875.872 
515 875.752 
516 875.661 
517 875.601 
518 875.574 
519 875.581 
520 875.625 
521 875.707 
522 875.829 
523 875.994 
524 876.203 
525 876.458 
526 876.761 
527 877.115 
528 877.52 
529 877.98 
530 878.497 
531 879.072 
532 879.707 
533 880.406 
534 881.169 
535 882 
536 882.9 
537 883.872 
538 884.918 
539 886.04 
540 887.241 
541 888.523 
542 889.889 
543 891.34 
544 892.879 
545 894.51 
546 896.233 
547 898.052 
548 899.97 
549 901.988 
550 904.11 
551 906.337 
552 908.669 
553 911.106 
554 913.646 
555 916.289 
556 919.033 
557 921.878 
558 924.822 
559 927.865 
560 931.006 
561 934.244 
562 937.576 
563 941.004 
564 944.524 
565 948.137 
566 951.84 
567 955.634 
568 959.515 
569 963.484 
570 967.539 
571 971.678 
572 975.901 
573 980.205 
574 984.59 
575 989.054 
576 993.595 
577 998.213 
578 1002.9 
579 1007.67 
580 1012.51 
581 1017.41 
582 1022.39 
583 1027.43 
584 1032.53 
585 1037.7 
586 1042.93 
587 1048.22 
588 1053.57 
589 1058.98 
590 1064.44 
591 1069.95 
592 1075.51 
593 1081.12 
594 1086.77 
595 1092.47 
596 1098.22 
597 1104 
598 1109.82 
599 1115.68 
600 1121.57 
601 1127.5 
602 1133.45 
603 1139.43 
604 1145.43 
605 1151.46 
606 1157.51 
607 1163.57 
608 1169.65 
609 1175.74 
610 1181.84 
611 1187.94 
612 1194.05 
613 1200.16 
614 1206.27 
615 1212.37 
616 1218.47 
617 1224.55 
618 1230.63 
619 1236.68 
620 1242.72 
621 1248.73 
622 1254.72 
623 1260.69 
624 1266.61 
625 1272.51 
626 1278.37 
627 1284.18 
628 1289.95 
629 1295.67 
630 1301.35 
631 1306.96 
632 1312.52 
633 1318.02 
634 1323.45 
635 1328.82 
636 1334.11 
637 1339.32 
638 1344.46 
639 1349.51 
640 1354.48 
641 1359.35 
642 1364.13 
643 1368.82 
644 1373.4 
645 1377.87 
646 1382.23 
647 1386.48 
648 1390.61 
649 1394.62 
650 1398.5 
651 1402.26 
652 1405.88 
653 1409.37 
654 1412.72 
655 1415.94 
656 1419.03 
657 1421.99 
658 1424.8 
659 1427.48 
660 1430.03 
661 1432.44 
662 1434.7 
663 1436.83 
664 1438.82 
665 1440.67 
666 1442.38 
667 1443.94 
668 1445.37 
669 1446.64 
670 1447.78 
671 1448.77 
672 1449.62 
673 1450.32 
674 1450.87 
675 1451.28 
676 1451.54 
677 1451.65 
678 1451.61 
679 1451.42 
680 1451.08 
681 1450.59 
682 1449.95 
683 1449.15 
684 1448.21 
685 1447.11 
686 1445.85 
687 1444.44 
688 1442.88 
689 1441.16 
690 1439.28 
691 1437.24 
692 1435.05 
693 1432.7 
694 1430.19 
695 1427.52 
696 1424.69 
697 1421.7 
698 1418.55 
699 1415.24 
700 1411.76 
701 1408.12 
702 1404.33 
703 1400.37 
704 1396.25 
705 1391.98 
706 1387.56 
707 1382.99 
708 1378.27 
709 1373.4 
710 1368.39 
711 1363.24 
712 1357.95 
713 1352.52 
714 1346.96 
715 1341.27 
716 1335.45 
717 1329.5 
718 1323.42 
719 1317.23 
720 1310.92 
721 1304.49 
722 1297.94 
723 1291.29 
724 1284.53 
725 1277.66 
726 1270.69 
727 1263.62 
728 1256.46 
729 1249.2 
730 1241.85 
731 1234.41 
732 1226.89 
733 1219.29 
734 1211.61 
735 1203.85 
736 1196.02 
737 1188.13 
738 1180.17 
739 1172.14 
740 1164.06 
741 1155.92 
742 1147.73 
743 1139.5 
744 1131.21 
745 1122.89 
746 1114.53 
747 1106.13 
748 1097.71 
749 1089.26 
750 1080.78 
751 1072.29 
752 1063.78 
753 1055.25 
754 1046.71 
755 1038.17 
756 1029.61 
757 1021.05 
758 1012.49 
759 1003.93 
760 995.369 
761 986.813 
762 978.265 
763 969.727 
764 961.2 
765 952.689 
766 944.196 
767 935.722 
768 927.271 
769 918.846 
770 910.449 
771 902.082 
772 893.75 
773 885.453 
774 877.196 
775 868.981 
776 860.81 
777 852.688 
778 844.616 
779 836.597 
780 828.635 
781 820.732 
782 812.892 
783 805.117 
784 797.411 
785 789.776 
786 782.216 
787 774.733 
788 767.332 
789 760.014 
790 752.784 
791 745.645 
792 738.599 
793 731.65 
794 724.801 
795 718.057 
796 711.419 
797 704.891 
798 698.478 
799 692.181 
800 686.006 
801 679.953 
802 674.025 
803 668.221 
804 662.541 
805 656.985 
806 651.552 
807 646.243 
808 641.057 
809 635.994 
810 631.055 
811 626.238 
812 621.544 
813 616.973 
814 612.523 
815 608.196 
816 603.991 
817 599.908 
818 595.945 
819 592.104 
820 588.384 
821 584.785 
822 581.306 
823 577.947 
824 574.707 
825 571.588 
826 568.587 
827 565.705 
828 562.942 
829 560.296 
830 557.769 
831 555.359 
832 553.066 
833 550.889 
834 548.829 
835 546.884 
836 545.055 
837 543.341 
838 541.741 
839 540.256 
840 538.884 
841 537.625 
842 536.479 
843 535.445 
844 534.522 
845 533.711 
846 533.01 
847 532.419 
848 531.938 
849 531.566 
850 531.302 
851 531.146 
852 531.095 
853 531.149 
854 531.305 
855 531.56 
856 531.914 
857 532.365 
858 532.909 
859 533.546 
860 534.272 
861 535.087 
862 535.988 
863 536.972 
864 538.038 
865 539.184 
866 540.406 
867 541.704 
868 543.075 
869 544.516 
870 546.025 
871 547.6 
872 549.239 
873 550.939 
874 552.697 
875 554.512 
876 556.381 
877 558.301 
878 560.27 
879 562.286 
880 564.346 
881 566.446 
882 568.586 
883 570.761 
884 572.97 
885 575.21 
886 577.478 
887 579.771 
888 582.087 
889 584.422 
890 586.775 
891 589.142 
892 591.52 
893 593.906 
894 596.298 
895 598.693 
896 601.088 
897 603.479 
898 605.864 
899 608.239 
900 610.602 
901 612.95 
902 615.281 
903 617.595 
904 619.89 
905 622.166 
906 624.42 
907 626.653 
908 628.864 
909 631.05 
910 633.211 
911 635.347 
912 637.455 
913 639.534 
914 641.585 
915 643.605 
916 645.593 
917 647.548 
918 649.469 
919 651.355 
920 653.205 
921 655.017 
922 656.791 
923 658.525 
924 660.217 
925 661.867 
926 663.474 
927 665.036 
928 666.552 
929 668.021 
930 669.441 
931 670.811 
932 672.131 
933 673.398 
934 674.611 
935 675.769 
936 676.872 
937 677.916 
938 678.902 
939 679.827 
940 680.691 
941 681.492 
942 682.229 
943 682.9 
944 683.504 
945 684.039 
946 684.505 
947 684.899 
948 685.221 
949 685.469 
950 685.641 
951 685.736 
952 685.755 
953 685.7 
954 685.57 
955 685.367 
956 685.091 
957 684.745 
958 684.328 
959 683.842 
960 683.288 
961 682.667 
962 681.98 
963 681.227 
964 680.411 
965 679.532 
966 678.591 
967 677.589 
968 676.528 
969 675.409 
970 674.232 
971 672.999 
972 671.71 
973 670.369 
974 668.974 
975 667.528 
976 666.032 
977 664.486 
978 662.893 
979 661.254 
980 659.569 
981 657.84 
982 656.068 
983 654.255 
984 652.401 
985 650.509 
986 648.579 
987 646.613 
988 644.612 
989 642.578 
990 640.511 
991 638.414 
992 636.287 
993 634.133 
994 631.952 
995 629.746 
996 627.516 
997 625.264 
998 622.991 
999 620.699 
1000 618.389 
1001 616.063 
1002 613.722 
1003 611.368 
1004 609.001 
1005 606.623 
1006 604.236 
1007 601.84 
1008 599.438 
1009 597.03 
1010 594.618 
1011 592.203 
1012 589.788 
1013 587.372 
1014 584.958 
1015 582.547 
1016 580.141 
1017 577.741 
1018 575.349 
1019 572.965 
1020 570.592 
1021 568.231 
1022 565.884 
1023 563.552 
1024 561.237 
1025 558.94 
1026 556.662 
1027 554.407 
1028 552.174 
1029 549.966 
1030 547.784 
1031 545.63 
1032 543.506 
1033 541.413 
1034 539.353 
1035 537.328 
1036 535.338 
1037 533.387 
1038 531.476 
1039 529.606 
1040 527.779 
1041 525.997 
1042 524.261 
1043 522.574 
1044 520.938 
1045 519.353 
1046 517.823 
1047 516.348 
1048 514.93 
1049 513.572 
1050 512.275 
1051 511.041 
1052 509.87 
1053 508.762 
1054 507.716 
1055 506.732 
1056 505.811 
1057 504.952 
1058 504.154 
1059 503.418 
1060 502.744 
1061 502.131 
1062 501.578 
1063 501.087 
1064 500.656 
1065 500.285 
1066 499.975 
1067 499.724 
1068 499.533 
1069 499.401 
1070 499.328 
1071 499.315 
1072 499.36 
1073 499.463 
1074 499.625 
1075 499.844 
1076 500.121 
1077 500.456 
1078 500.847 
1079 501.295 
1080 501.8 
1081 502.361 
1082 502.978 
1083 503.651 
1084 504.379 
1085 505.162 
1086 506 
1087 506.893 
1088 507.839 
1089 508.84 
1090 509.894 
1091 511.001 
1092 512.161 
1093 513.374 
1094 514.638 
1095 515.955 
1096 517.323 
1097 518.743 
1098 520.213 
1099 521.734 
1100 523.305 
1101 524.925 
1102 526.594 
1103 528.31 
1104 530.072 
1105 531.877 
1106 533.726 
1107 535.616 
1108 537.545 
1109 539.513 
1110 541.518 
1111 543.559 
1112 545.634 
1113 547.741 
1114 549.879 
1115 552.046 
1116 554.242 
1117 556.464 
1118 558.71 
1119 560.98 
1120 563.271 
1121 565.583 
1122 567.913 
1123 570.26 
1124 572.622 
1125 574.997 
1126 577.384 
1127 579.782 
1128 582.188 
1129 584.601 
1130 587.019 
1131 589.441 
1132 591.864 
1133 594.287 
1134 596.708 
1135 599.126 
1136 601.538 
1137 603.943 
1138 606.339 
1139 608.725 
1140 611.098 
1141 613.456 
1142 615.798 
1143 618.122 
1144 620.426 
1145 622.708 
1146 624.966 
1147 627.198 
1148 629.403 
1149 631.578 
1150 633.721 
1151 635.831 
1152 637.907 
1153 639.948 
1154 641.953 
1155 643.921 
1156 645.852 
1157 647.745 
1158 649.599 
1159 651.413 
1160 653.187 
1161 654.919 
1162 656.61 
1163 658.257 
1164 659.861 
1165 661.42 
1166 662.934 
1167 664.402 
1168 665.822 
1169 667.195 
1170 668.52 
1171 669.795 
1172 671.019 
1173 672.193 
1174 673.314 
1175 674.383 
1176 675.397 
1177 676.358 
1178 677.262 
1179 678.111 
1180 678.902 
1181 679.635 
1182 680.309 
1183 680.924 
1184 681.477 
1185 681.969 
1186 682.398 
1187 682.764 
1188 683.066 
1189 683.302 
1190 683.472 
1191 683.574 
1192 683.609 
1193 683.575 
1194 683.47 
1195 683.295 
1196 683.048 
1197 682.728 
1198 682.334 
1199 681.866 
1200 681.321 
1201 680.701 
1202 680.004 
1203 679.232 
1204 678.386 
1205 677.467 
1206 676.474 
1207 675.409 
1208 674.273 
1209 673.067 
1210 671.79 
1211 670.445 
1212 669.032 
1213 667.552 
1214 666.005 
1215 664.393 
1216 662.716 
1217 660.975 
1218 659.171 
1219 657.305 
1220 655.378 
1221 653.39 
1222 651.343 
1223 649.238 
1224 647.075 
1225 644.854 
1226 642.579 
1227 640.248 
1228 637.863 
1229 635.425 
1230 632.935 
1231 630.394 
1232 627.803 
1233 625.163 
1234 622.474 
1235 619.738 
1236 616.956 
1237 614.129 
1238 611.257 
1239 608.343 
1240 605.386 
1241 602.387 
1242 599.349 
1243 596.272 
1244 593.156 
1245 590.004 
1246 586.815 
1247 583.592 
1248 580.335 
1249 577.045 
1250 573.724 
1251 570.372 
1252 566.991 
1253 563.582 
1254 560.146 
1255 556.685 
1256 553.199 
1257 549.691 
1258 546.16 
1259 542.609 
1260 539.039 
1261 535.451 
1262 531.847 
1263 528.227 
1264 524.593 
1265 520.947 
1266 517.289 
1267 513.622 
1268 509.946 
1269 506.263 
1270 502.574 
1271 498.88 
1272 495.184 
1273 491.485 
1274 487.787 
1275 484.09 
1276 480.395 
1277 476.705 
1278 473.019 
1279 469.341 
1280 465.672 
1281 462.012 
1282 458.363 
1283 454.728 
1284 451.106 
1285 447.501 
1286 443.913 
1287 440.344 
1288 436.795 
1289 433.268 
1290 429.765 
1291 426.286 
1292 422.835 
1293 419.411 
1294 416.018 
1295 412.656 
1296 409.327 
1297 406.032 
1298 402.774 
1299 399.553 
1300 396.372 
1301 393.232 
1302 390.134 
1303 387.077 
1304 384.062 
1305 381.089 
1306 378.158 
1307 375.27 
1308 372.426 
1309 369.624 
1310 366.866 
1311 364.151 
1312 361.48 
1313 358.854 
1314 356.272 
1315 353.735 
1316 351.242 
1317 348.795 
1318 346.394 
1319 344.038 
1320 341.728 
1321 339.464 
1322 337.247 
1323 335.077 
1324 332.954 
1325 330.878 
1326 328.849 
1327 326.869 
1328 324.936 
1329 323.052 
1330 321.216 
1331 319.43 
1332 317.692 
1333 316.004 
1334 314.366 
1335 312.777 
1336 311.239 
1337 309.751 
1338 308.314 
1339 306.928 
1340 305.594 
1341 304.311 
1342 303.079 
1343 301.9 
1344 300.773 
1345 299.699 
1346 298.678 
1347 297.71 
1348 296.795 
1349 295.935 
1350 295.128 
1351 294.375 
1352 293.676 
1353 293.029 
1354 292.435 
1355 291.891 
1356 291.398 
1357 290.955 
1358 290.559 
1359 290.212 
1360 289.912 
1361 289.658 
1362 289.449 
1363 289.285 
1364 289.164 
1365 289.086 
1366 289.05 
1367 289.055 
1368 289.099 
1369 289.184 
1370 289.306 
1371 289.466 
1372 289.662 
1373 289.894 
1374 290.161 
1375 290.461 
1376 290.794 
1377 291.159 
1378 291.555 
1379 291.982 
1380 292.437 
1381 292.92 
1382 293.43 
1383 293.967 
1384 294.528 
1385 295.114 
1386 295.723 
1387 296.354 
1388 297.006 
1389 297.679 
1390 298.371 
1391 299.081 
1392 299.807 
1393 300.551 
1394 301.309 
1395 302.081 
1396 302.866 
1397 303.663 
1398 304.47 
1399 305.288 
1400 306.114 
1401 306.948 
1402 307.788 
1403 308.635 
1404 309.488 
1405 310.345 
1406 311.206 
1407 312.071 
1408 312.938 
1409 313.807 
1410 314.678 
1411 315.549 
1412 316.42 
1413 317.289 
1414 318.158 
1415 319.023 
1416 319.886 
1417 320.745 
1418 321.599 
1419 322.447 
1420 323.29 
1421 324.125 
1422 324.953 
1423 325.772 
1424 326.582 
1425 327.381 
1426 328.17 
1427 328.948 
1428 329.712 
1429 330.464 
1430 331.202 
1431 331.924 
1432 332.631 
1433 333.322 
1434 333.995 
1435 334.65 
1436 335.286 
1437 335.902 
1438 336.498 
1439 337.072 
1440 337.624 
1441 338.153 
1442 338.657 
1443 339.137 
1444 339.591 
1445 340.019 
1446 340.418 
1447 340.79 
1448 341.132 
1449 341.444 
1450 341.725 
1451 341.974 
1452 342.192 
1453 342.378 
1454 342.533 
1455 342.656 
1456 342.749 
1457 342.81 
1458 342.842 
1459 342.843 
1460 342.814 
1461 342.755 
1462 342.666 
1463 342.548 
1464 342.4 
1465 342.224 
1466 342.019 
1467 341.785 
1468 341.523 
1469 341.232 
1470 340.914 
1471 340.568 
1472 340.194 
1473 339.794 
1474 339.366 
1475 338.912 
1476 338.431 
1477 337.923 
1478 337.39 
1479 336.831 
1480 336.246 
1481 335.636 
1482 335.001 
1483 334.341 
1484 333.657 
1485 332.948 
1486 332.215 
1487 331.459 
1488 330.679 
1489 329.875 
1490 329.049 
1491 328.199 
1492 327.327 
1493 326.433 
1494 325.517 
1495 324.58 
1496 323.62 
1497 322.64 
1498 321.639 
1499 320.617 
1500 319.575 
1501 318.513 
1502 317.431 
1503 316.331 
1504 315.213 
1505 314.077 
1506 312.924 
1507 311.755 
1508 310.571 
1509 309.373 
1510 308.16 
1511 306.933 
1512 305.695 
1513 304.444 
1514 303.181 
1515 301.909 
1516 300.626 
1517 299.334 
1518 298.034 
1519 296.726 
1520 295.411 
1521 294.089 
1522 292.762 
1523 291.43 
1524 290.094 
1525 288.755 
1526 287.413 
1527 286.069 
1528 284.724 
1529 283.379 
1530 282.034 
1531 280.69 
1532 279.348 
1533 278.009 
1534 276.673 
1535 275.341 
1536 274.015 
1537 272.694 
1538 271.38 
1539 270.073 
1540 268.774 
1541 267.485 
1542 266.205 
1543 264.936 
1544 263.678 
1545 262.432 
1546 261.2 
1547 259.981 
1548 258.777 
1549 257.588 
1550 256.416 
1551 255.261 
1552 254.124 
1553 253.004 
1554 251.902 
1555 250.818 
1556 249.752 
1557 248.704 
1558 247.675 
1559 246.665 
1560 245.674 
1561 244.702 
1562 243.749 
1563 242.816 
1564 241.902 
1565 241.009 
1566 240.135 
1567 239.282 
1568 238.45 
1569 237.638 
1570 236.847 
1571 236.077 
1572 235.329 
1573 234.602 
1574 233.897 
1575 233.214 
1576 232.553 
1577 231.915 
1578 231.299 
1579 230.706 
1580 230.136 
1581 229.589 
1582 229.065 
1583 228.565 
1584 228.089 
1585 227.637 
1586 227.21 
1587 226.806 
1588 226.428 
1589 226.074 
1590 225.746 
1591 225.443 
1592 225.165 
1593 224.913 
1594 224.688 
1595 224.488 
1596 224.315 
1597 224.168 
1598 224.049 
1599 223.956 
1600 223.891 
1601 223.854 
1602 223.843 
1603 223.859 
1604 223.902 
1605 223.97 
1606 224.063 
1607 224.181 
1608 224.324 
1609 224.49 
1610 224.68 
1611 224.893 
1612 225.128 
1613 225.385 
1614 225.664 
1615 225.964 
1616 226.284 
1617 226.624 
1618 226.984 
1619 227.363 
1620 227.761 
1621 228.177 
1622 228.61 
1623 229.06 
1624 229.527 
1625 230.01 
1626 230.508 
1627 231.022 
1628 231.55 
1629 232.092 
1630 232.647 
1631 233.216 
1632 233.796 
1633 234.389 
1634 234.993 
1635 235.608 
1636 236.233 
1637 236.868 
1638 237.512 
1639 238.164 
1640 238.825 
1641 239.493 
1642 240.168 
1643 240.849 
1644 241.536 
1645 242.229 
1646 242.926 
1647 243.627 
1648 244.332 
1649 245.04 
1650 245.75 
1651 246.463 
1652 247.176 
1653 247.89 
1654 248.605 
1655 249.319 
1656 250.033 
1657 250.746 
1658 251.458 
1659 252.167 
1660 252.874 
1661 253.577 
1662 254.278 
1663 254.974 
1664 255.665 
1665 256.352 
1666 257.033 
1667 257.708 
1668 258.377 
1669 259.038 
1670 259.692 
1671 260.338 
1672 260.975 
1673 261.603 
1674 262.221 
1675 262.829 
1676 263.426 
1677 264.012 
1678 264.587 
1679 265.148 
1680 265.698 
1681 266.233 
1682 266.755 
1683 267.262 
1684 267.754 
1685 268.231 
1686 268.691 
1687 269.135 
1688 269.561 
1689 269.969 
1690 270.36 
1691 270.731 
1692 271.082 
1693 271.414 
1694 271.725 
1695 272.014 
1696 272.282 
1697 272.527 
1698 272.75 
1699 272.948 
1700 273.123 
1701 273.273 
1702 273.398 
1703 273.499 
1704 273.575 
1705 273.626 
1706 273.654 
1707 273.657 
1708 273.636 
1709 273.591 
1710 273.522 
1711 273.429 
1712 273.313 
1713 273.173 
1714 273.009 
1715 272.822 
1716 272.611 
1717 272.377 
1718 272.12 
1719 271.84 
1720 271.537 
1721 271.211 
1722 270.862 
1723 270.491 
1724 270.097 
1725 269.681 
1726 269.242 
1727 268.781 
1728 268.298 
1729 267.793 
1730 267.266 
1731 266.717 
1732 266.146 
1733 265.554 
1734 264.941 
1735 264.306 
1736 263.649 
1737 262.972 
1738 262.274 
1739 261.554 
1740 260.814 
1741 260.054 
1742 259.272 
1743 258.471 
1744 257.649 
1745 256.806 
1746 255.944 
1747 255.062 
1748 254.16 
1749 253.238 
1750 252.297 
1751 251.336 
1752 250.356 
1753 249.358 
1754 248.341 
1755 247.307 
1756 246.256 
1757 245.187 
1758 244.103 
1759 243.003 
1760 241.887 
1761 240.756 
1762 239.611 
1763 238.452 
1764 237.28 
1765 236.094 
1766 234.896 
1767 233.686 
1768 232.464 
1769 231.231 
1770 229.987 
1771 228.733 
1772 227.47 
1773 226.197 
1774 224.916 
1775 223.627 
1776 222.329 
1777 221.025 
1778 219.714 
1779 218.397 
1780 217.074 
1781 215.746 
1782 214.413 
1783 213.076 
1784 211.736 
1785 210.392 
1786 209.046 
1787 207.698 
1788 206.348 
1789 204.997 
1790 203.646 
1791 202.295 
1792 200.945 
1793 199.595 
1794 198.248 
1795 196.902 
1796 195.559 
1797 194.22 
1798 192.885 
1799 191.553 
1800 190.227 
1801 188.907 
1802 187.592 
1803 186.283 
1804 184.981 
1805 183.685 
1806 182.396 
1807 181.114 
1808 179.84 
1809 178.573 
1810 177.314 
1811 176.064 
1812 174.822 
1813 173.589 
1814 172.365 
1815 171.15 
1816 169.945 
1817 168.75 
1818 167.565 
1819 166.391 
1820 165.227 
1821 164.074 
1822 162.933 
1823 161.804 
1824 160.686 
1825 159.581 
1826 158.488 
1827 157.408 
1828 156.341 
1829 155.288 
1830 154.248 
1831 153.222 
1832 152.211 
1833 151.214 
1834 150.232 
1835 149.265 
1836 148.314 
1837 147.379 
1838 146.46 
1839 145.557 
1840 144.671 
1841 143.802 
1842 142.951 
1843 142.117 
1844 141.301 
1845 140.504 
1846 139.725 
1847 138.965 
1848 138.224 
1849 137.503 
1850 136.802 
1851 136.121 
1852 135.46 
1853 134.819 
1854 134.198 
1855 133.597 
1856 133.014 
1857 132.451 
1858 131.907 
1859 131.382 
1860 130.876 
1861 130.388 
1862 129.919 
1863 129.468 
1864 129.035 
1865 128.619 
1866 128.222 
1867 127.842 
1868 127.479 
1869 127.134 
1870 126.805 
1871 126.493 
1872 126.198 
1873 125.919 
1874 125.656 
1875 125.41 
1876 125.179 
1877 124.964 
1878 124.765 
1879 124.581 
1880 124.411 
1881 124.257 
1882 124.118 
1883 123.993 
1884 123.882 
1885 123.786 
1886 123.703 
1887 123.635 
1888 123.579 
1889 123.538 
1890 123.509 
1891 123.493 
1892 123.49 
1893 123.5 
1894 123.521 
1895 123.555 
1896 123.601 
1897 123.659 
1898 123.728 
1899 123.809 
1900 123.9 
1901 124.003 
1902 124.116 
1903 124.239 
1904 124.372 
1905 124.514 
1906 124.665 
1907 124.825 
1908 124.993 
1909 125.169 
1910 125.353 
1911 125.544 
1912 125.741 
1913 125.945 
1914 126.154 
1915 126.369 
1916 126.59 
1917 126.815 
1918 127.044 
1919 127.278 
1920 127.515 
1921 127.755 
1922 127.998 
1923 128.243 
1924 128.49 
1925 128.739 
1926 128.989 
1927 129.24 
1928 129.491 
1929 129.741 
1930 129.992 
1931 130.241 
1932 130.489 
1933 130.735 
1934 130.979 
1935 131.22 
1936 131.458 
1937 131.693 
1938 131.924 
1939 132.15 
1940 132.371 
1941 132.588 
1942 132.798 
1943 133.003 
1944 133.201 
1945 133.392 
1946 133.575 
1947 133.751 
1948 133.918 
1949 134.076 
1950 134.225 
1951 134.365 
1952 134.495 
1953 134.616 
1954 134.727 
1955 134.829 
1956 134.923 
1957 135.008 
1958 135.084 
1959 135.152 
1960 135.212 
1961 135.263 
1962 135.307 
1963 135.343 
1964 135.372 
1965 135.394 
1966 135.408 
1967 135.415 
1968 135.416 
1969 135.41 
1970 135.397 
1971 135.379 
1972 135.354 
1973 135.323 
1974 135.287 
1975 135.245 
1976 135.198 
1977 135.146 
1978 135.088 
1979 135.026 
1980 134.96 
1981 134.889 
1982 134.814 
1983 134.735 
1984 134.652 
1985 134.565 
1986 134.475 
1987 134.382 
1988 134.285 
1989 134.186 
1990 134.085 
1991 133.98 
1992 133.874 
1993 133.765 
1994 133.655 
1995 133.543 
1996 133.429 
1997 133.315 
1998 133.199 
1999 133.082 
2000 132.965 
